# Valeur de la RUL -- maintenance insulaire (fenetres de visite + cout fixe)
# horizon=25 ans | N_MC=200 | mult U_log[0.50,2.00] | seed=2026 | VoLL=3.0 | Tvisite=6m | marge=1.5 | prev=fc+ely
# strategie de conduite FIXE : RB2(SoH) ; politiques : ['instant', 'corrective', 'calendar', 'rul']
# ages calendaires de ref (nominal x 1.00) : {'bat': 3.89, 'fc': 5.52, 'ely': None}
# cout total = uni0 + C_visite*n_interventions + gaspillage ; C_visite en post-proc
# TEST NUL instant==base : OK (ecart 0.000e+00 kEUR)

## Points nominaux (multiplicateurs = 1)
policy;lpsp;deg;uni0;nint;nprev;waste;wbat;wfc;wely;outfc;outely
instant;2.9099;58.024;81.889;10.000;0.000;0.000;0.000;0.000;0.000;0.000;0.000
corrective;3.3164;57.119;84.319;8.000;0.000;0.000;0.000;0.000;0.000;16358.000;0.000
calendar;2.9589;57.762;82.029;10.000;4.000;0.039;0.000;0.039;0.000;0.000;0.000
rul;2.9512;57.740;81.944;9.000;4.000;0.499;0.000;0.499;0.000;0.000;0.000

## Tirages (mondes perturbes, 200 complets)
draw;m_fc_a;m_fc_b;m_fc_s;m_ely_a;m_ely_b;m_ely_s;m_bat;instant_lpsp;instant_deg;instant_uni0;instant_nint;instant_nprev;instant_waste;instant_wbat;instant_wfc;instant_wely;instant_outfc;instant_outely;corrective_lpsp;corrective_deg;corrective_uni0;corrective_nint;corrective_nprev;corrective_waste;corrective_wbat;corrective_wfc;corrective_wely;corrective_outfc;corrective_outely;calendar_lpsp;calendar_deg;calendar_uni0;calendar_nint;calendar_nprev;calendar_waste;calendar_wbat;calendar_wfc;calendar_wely;calendar_outfc;calendar_outely;rul_lpsp;rul_deg;rul_uni0;rul_nint;rul_nprev;rul_waste;rul_wbat;rul_wfc;rul_wely;rul_outfc;rul_outely
0;0.6408;1.2140;0.9556;0.8357;0.8178;1.4959;1.7536;2.9521;94.154;118.365;15.000;0.000;0.000;0.000;0.000;0.000;0.000;0.000;3.1762;92.430;118.479;13.000;0.000;0.000;0.000;0.000;0.000;1550.000;771.000;3.2257;92.346;118.802;14.000;4.000;1.082;0.000;1.082;0.000;0.000;2305.000;3.0945;92.526;117.906;13.000;4.000;0.360;0.000;0.245;0.114;0.000;0.000
1;0.6394;1.2359;0.7561;1.9105;1.7897;1.2073;1.4196;3.0084;76.774;101.447;12.000;0.000;0.000;0.000;0.000;0.000;0.000;0.000;3.0960;75.966;101.358;10.000;0.000;0.000;0.000;0.000;0.000;1593.000;0.000;3.0844;75.894;101.190;12.000;4.000;1.535;0.000;1.535;0.000;0.000;0.000;3.0802;76.015;101.277;10.000;3.000;0.217;0.000;0.217;0.000;0.000;0.000
2;1.0212;1.5711;0.9309;0.7998;0.7350;0.6843;1.0364;2.8267;57.482;80.665;10.000;0.000;0.000;0.000;0.000;0.000;0.000;0.000;3.1668;56.631;82.604;8.000;0.000;0.000;0.000;0.000;0.000;12416.000;0.000;2.8882;56.994;80.681;10.000;4.000;0.148;0.000;0.148;0.000;0.000;0.000;2.8890;56.966;80.661;9.000;4.000;0.602;0.000;0.602;0.000;0.000;0.000
3;0.9087;1.2538;0.5090;0.9301;0.8295;0.6556;1.1406;2.8093;60.548;83.589;10.000;0.000;0.000;0.000;0.000;0.000;0.000;0.000;2.9055;60.133;83.962;10.000;0.000;0.000;0.000;0.000;0.000;5217.000;0.000;2.8316;60.106;83.329;11.000;4.000;1.509;0.000;1.509;0.000;0.000;0.000;2.8435;60.230;83.551;10.000;3.000;0.160;0.000;0.160;0.000;0.000;0.000
4;0.9142;0.7578;0.6684;1.6809;1.5104;1.1594;0.8068;2.9652;49.382;73.701;8.000;0.000;0.000;0.000;0.000;0.000;0.000;0.000;3.0581;48.811;73.891;7.000;0.000;0.000;0.000;0.000;0.000;4128.000;0.000;3.0375;48.913;73.825;8.000;4.000;1.105;0.000;1.105;0.000;0.000;0.000;3.0390;48.988;73.912;7.000;3.000;0.285;0.000;0.285;0.000;0.000;0.000
5;1.8579;1.0918;0.9110;1.7422;0.7785;1.3122;0.7725;3.0073;51.956;76.620;11.000;0.000;0.000;0.000;0.000;0.000;0.000;0.000;3.3685;51.194;78.820;9.000;0.000;0.000;0.000;0.000;0.000;8398.000;1153.000;3.3685;51.194;78.820;9.000;0.000;0.000;0.000;0.000;0.000;8398.000;1153.000;3.0304;51.656;76.510;12.000;8.000;1.408;0.000;1.192;0.216;0.000;0.000
6;0.7185;1.3210;0.6858;0.9905;1.1173;0.6497;1.3779;2.8130;71.054;94.124;11.000;0.000;0.000;0.000;0.000;0.000;0.000;0.000;2.9355;70.512;94.587;10.000;0.000;0.000;0.000;0.000;0.000;3515.000;0.000;2.8670;70.438;93.951;12.000;4.000;1.513;0.000;1.513;0.000;0.000;0.000;2.8773;70.541;94.138;10.000;3.000;0.187;0.000;0.187;0.000;0.000;0.000
7;1.0695;1.1835;0.8376;0.8953;0.9929;0.9592;1.2757;2.9064;69.809;93.645;12.000;0.000;0.000;0.000;0.000;0.000;0.000;0.000;3.1376;68.342;94.075;11.000;0.000;0.000;0.000;0.000;0.000;6690.000;0.000;3.0429;68.560;93.516;11.000;4.000;0.276;0.000;0.276;0.000;0.000;0.000;3.0429;68.560;93.516;11.000;4.000;0.276;0.000;0.276;0.000;0.000;0.000
8;1.1129;0.8904;0.5013;1.5032;1.0272;0.7863;0.9999;2.8355;55.592;78.847;9.000;0.000;0.000;0.000;0.000;0.000;0.000;0.000;2.9147;55.218;79.122;9.000;0.000;0.000;0.000;0.000;0.000;3545.000;0.000;2.8774;55.223;78.822;10.000;4.000;1.036;0.000;1.036;0.000;0.000;0.000;2.8831;55.314;78.960;9.000;3.000;0.215;0.000;0.215;0.000;0.000;0.000
9;0.5692;1.7525;1.9717;0.5424;0.8216;1.3757;0.7730;3.0136;51.619;76.335;10.000;0.000;0.000;0.000;0.000;0.000;0.000;0.000;3.2701;50.863;77.682;10.000;0.000;0.000;0.000;0.000;0.000;6804.000;2081.000;3.2701;50.863;77.682;10.000;0.000;0.000;0.000;0.000;0.000;6804.000;2081.000;3.0335;51.400;76.280;11.000;7.000;0.858;0.000;0.607;0.251;0.000;0.000
10;1.0974;0.8908;1.4625;1.8881;1.7133;1.1825;0.6244;3.0115;43.905;68.603;9.000;0.000;0.000;0.000;0.000;0.000;0.000;0.000;3.1410;43.380;69.141;8.000;0.000;0.000;0.000;0.000;0.000;7429.000;0.000;3.1410;43.380;69.141;8.000;0.000;0.000;0.000;0.000;0.000;7429.000;0.000;3.0237;43.815;68.614;9.000;6.000;0.592;0.000;0.592;0.000;0.000;0.000
11;1.8585;0.5167;0.7555;0.7388;1.2690;0.9826;0.5687;2.8921;40.134;63.853;8.000;0.000;0.000;0.000;0.000;0.000;0.000;0.000;3.1189;39.448;65.027;8.000;0.000;0.000;0.000;0.000;0.000;10816.000;0.000;3.1189;39.448;65.027;8.000;0.000;0.000;0.000;0.000;0.000;10816.000;0.000;2.9138;40.013;63.910;9.000;6.000;0.483;0.000;0.483;0.000;0.000;0.000
12;0.5090;1.1556;0.9883;1.1509;1.0928;1.7182;1.7861;2.9592;96.978;121.247;15.000;0.000;0.000;0.000;0.000;0.000;0.000;0.000;3.3219;94.656;121.900;11.000;0.000;0.000;0.000;0.000;0.000;5396.000;1864.000;3.2268;94.793;121.257;14.000;4.000;1.333;0.000;1.333;0.000;0.000;3380.000;3.0930;94.994;120.361;13.000;4.000;0.525;0.000;0.208;0.317;0.000;0.000
13;0.6491;1.8458;1.4901;1.2126;1.2477;1.0659;1.7833;2.9399;94.081;118.192;15.000;0.000;0.000;0.000;0.000;0.000;0.000;0.000;3.2808;91.710;118.618;13.000;0.000;0.000;0.000;0.000;0.000;12256.000;0.000;3.2808;91.710;118.618;13.000;0.000;0.000;0.000;0.000;0.000;12256.000;0.000;3.1033;92.130;117.582;14.000;5.000;0.687;0.000;0.687;0.000;0.000;0.000
14;0.6909;1.1476;1.5459;0.6027;1.1737;0.8740;1.4460;2.8815;77.875;101.507;14.000;0.000;0.000;0.000;0.000;0.000;0.000;0.000;3.0227;76.730;101.520;11.000;0.000;0.000;0.000;0.000;0.000;2610.000;0.000;3.0227;76.730;101.520;11.000;0.000;0.000;0.000;0.000;0.000;2610.000;0.000;2.9867;76.767;101.262;11.000;5.000;0.564;0.000;0.564;0.000;0.000;0.000
15;0.5492;1.1596;1.6405;1.1947;0.7806;1.2411;0.7990;3.0288;51.163;76.004;10.000;0.000;0.000;0.000;0.000;0.000;0.000;0.000;3.1387;49.958;75.700;8.000;0.000;0.000;0.000;0.000;0.000;15933.000;0.000;3.1387;49.958;75.700;8.000;0.000;0.000;0.000;0.000;0.000;15933.000;0.000;3.0418;50.833;75.780;10.000;6.000;0.875;0.000;0.686;0.190;0.000;0.000
16;1.2633;0.5974;0.7371;0.5232;0.5617;1.0789;0.6894;2.9355;44.559;68.635;8.000;0.000;0.000;0.000;0.000;0.000;0.000;0.000;3.6185;43.437;73.114;4.000;0.000;0.000;0.000;0.000;0.000;15761.000;0.000;3.0067;44.178;68.838;8.000;4.000;0.053;0.000;0.053;0.000;0.000;0.000;2.9998;44.146;68.749;8.000;4.000;0.519;0.000;0.519;0.000;0.000;0.000
17;1.0225;1.2476;1.6963;0.8180;0.7777;0.7724;0.5887;2.8427;39.929;63.243;9.000;0.000;0.000;0.000;0.000;0.000;0.000;0.000;3.1888;38.843;64.996;8.000;0.000;0.000;0.000;0.000;0.000;19358.000;0.000;3.1888;38.843;64.996;8.000;0.000;0.000;0.000;0.000;0.000;19358.000;0.000;2.8733;39.735;63.300;7.000;7.000;1.228;0.000;1.228;0.000;0.000;0.000
18;1.2539;1.5576;0.9633;1.0842;1.8881;1.3175;1.4045;3.0201;78.796;103.565;14.000;0.000;0.000;0.000;0.000;0.000;0.000;0.000;3.2481;77.855;104.494;12.000;0.000;0.000;0.000;0.000;0.000;4549.000;2830.000;3.2481;77.855;104.494;12.000;0.000;0.000;0.000;0.000;0.000;4549.000;2830.000;3.0717;78.152;103.344;12.000;6.000;0.752;0.000;0.664;0.087;0.000;0.000
19;1.7159;0.6744;1.2314;1.3517;1.6071;0.8053;1.2992;2.8901;72.621;96.325;14.000;0.000;0.000;0.000;0.000;0.000;0.000;0.000;3.0531;71.801;96.840;13.000;0.000;0.000;0.000;0.000;0.000;12661.000;0.000;3.0531;71.801;96.840;13.000;0.000;0.000;0.000;0.000;0.000;12661.000;0.000;2.9348;71.995;96.065;14.000;7.000;0.641;0.000;0.641;0.000;0.000;0.000
20;1.1557;0.8819;0.5757;0.8157;1.9013;0.6750;0.5853;2.8179;36.520;59.631;6.000;0.000;0.000;0.000;0.000;0.000;0.000;0.000;2.9667;36.324;60.655;6.000;0.000;0.000;0.000;0.000;0.000;2774.000;0.000;2.8345;36.299;59.546;7.000;4.000;0.733;0.000;0.733;0.000;0.000;0.000;2.8377;36.358;59.630;7.000;4.000;0.338;0.000;0.338;0.000;0.000;0.000
21;0.8324;0.5751;0.7242;1.7763;0.7779;1.1264;0.6962;2.9427;44.220;68.354;7.000;0.000;0.000;0.000;0.000;0.000;0.000;0.000;3.1559;43.296;69.180;7.000;0.000;0.000;0.000;0.000;0.000;9729.000;0.000;3.0265;43.681;68.502;8.000;4.000;1.162;0.000;1.162;0.000;0.000;0.000;3.0352;43.752;68.645;7.000;3.000;0.340;0.000;0.340;0.000;0.000;0.000
22;1.2622;0.5968;1.4945;0.8987;0.6450;1.4305;1.0782;3.0062;66.354;91.009;13.000;0.000;0.000;0.000;0.000;0.000;0.000;0.000;3.3397;64.314;91.704;12.000;0.000;0.000;0.000;0.000;0.000;20730.000;1154.000;3.3397;64.314;91.704;12.000;0.000;0.000;0.000;0.000;0.000;20730.000;1154.000;3.0515;65.674;90.701;14.000;8.000;1.432;0.000;1.168;0.264;0.000;0.000
23;0.9178;0.6980;1.4771;0.8296;0.5308;1.9063;0.5216;2.9164;43.737;67.655;9.000;0.000;0.000;0.000;0.000;0.000;0.000;0.000;3.3018;42.345;69.425;7.000;0.000;0.000;0.000;0.000;0.000;13240.000;3937.000;3.3018;42.345;69.425;7.000;0.000;0.000;0.000;0.000;0.000;13240.000;3937.000;2.9016;43.638;67.435;10.000;7.000;1.315;0.000;1.026;0.289;0.000;0.000
24;0.5909;0.9537;0.6670;0.7957;1.0982;1.8865;1.8310;2.9277;99.339;123.350;14.000;0.000;0.000;0.000;0.000;0.000;0.000;0.000;3.2636;96.908;123.675;11.000;0.000;0.000;0.000;0.000;0.000;2147.000;1040.000;3.3804;96.774;124.499;13.000;4.000;1.913;0.000;1.913;0.000;0.000;2744.000;3.0964;97.077;122.472;12.000;3.000;0.474;0.000;0.096;0.378;0.000;0.000
25;0.5539;1.6320;0.6310;1.5399;0.7540;1.3525;1.3543;2.9987;74.320;98.913;11.000;0.000;0.000;0.000;0.000;0.000;0.000;0.000;3.2790;73.683;100.575;11.000;0.000;0.000;0.000;0.000;0.000;2998.000;2716.000;3.3518;73.543;101.032;13.000;4.000;2.042;0.000;2.042;0.000;0.000;4348.000;3.0378;73.885;98.800;9.000;3.000;0.292;0.000;0.101;0.191;0.000;0.000
26;1.6257;1.9443;0.7325;1.1947;1.3933;0.5584;1.2535;2.8012;67.369;90.343;13.000;0.000;0.000;0.000;0.000;0.000;0.000;0.000;3.0989;66.004;91.419;11.000;0.000;0.000;0.000;0.000;0.000;14298.000;0.000;3.0989;66.004;91.419;11.000;0.000;0.000;0.000;0.000;0.000;14298.000;0.000;2.9091;66.396;90.255;12.000;5.000;0.283;0.000;0.283;0.000;0.000;0.000
27;0.7808;0.6254;1.0710;0.9485;1.1128;1.2174;0.9982;3.0069;59.076;83.737;10.000;0.000;0.000;0.000;0.000;0.000;0.000;0.000;3.0517;58.629;83.657;9.000;0.000;0.000;0.000;0.000;0.000;4589.000;0.000;3.0342;58.800;83.684;10.000;4.000;0.416;0.000;0.416;0.000;0.000;0.000;3.0342;58.800;83.684;10.000;4.000;0.416;0.000;0.416;0.000;0.000;0.000
28;1.7536;0.6399;0.7462;0.8193;1.4628;1.2347;0.6657;2.9948;45.874;70.436;9.000;0.000;0.000;0.000;0.000;0.000;0.000;0.000;3.0715;45.599;70.790;8.000;0.000;0.000;0.000;0.000;0.000;2086.000;0.000;3.0715;45.599;70.790;8.000;0.000;0.000;0.000;0.000;0.000;2086.000;0.000;3.0365;45.636;70.539;8.000;6.000;0.820;0.000;0.820;0.000;0.000;0.000
29;1.4034;1.4571;1.4545;0.5574;0.6710;1.7300;1.6922;2.9646;96.191;120.506;17.000;0.000;0.000;0.000;0.000;0.000;0.000;0.000;3.3963;94.422;122.276;16.000;0.000;0.000;0.000;0.000;0.000;7872.000;3128.000;3.3963;94.422;122.276;16.000;0.000;0.000;0.000;0.000;0.000;7872.000;3128.000;3.0298;95.055;119.904;16.000;8.000;1.239;0.000;0.884;0.355;0.000;0.000
30;0.6649;1.0738;0.7196;0.8904;0.5147;0.7389;0.7277;2.8290;42.450;65.652;7.000;0.000;0.000;0.000;0.000;0.000;0.000;0.000;2.9011;42.216;66.010;7.000;0.000;0.000;0.000;0.000;0.000;4773.000;0.000;2.8328;42.225;65.458;4.000;4.000;1.558;0.000;1.558;0.000;0.000;0.000;2.8403;42.322;65.616;7.000;3.000;0.238;0.000;0.238;0.000;0.000;0.000
31;1.7879;1.1297;0.6395;0.9045;0.9903;1.2098;1.0460;2.9966;62.602;87.179;11.000;0.000;0.000;0.000;0.000;0.000;0.000;0.000;3.3424;61.135;88.547;9.000;0.000;0.000;0.000;0.000;0.000;18472.000;0.000;3.3424;61.135;88.547;9.000;0.000;0.000;0.000;0.000;0.000;18472.000;0.000;3.0772;61.982;87.219;6.000;6.000;1.024;0.000;1.024;0.000;0.000;0.000
32;0.8963;0.7693;1.1096;1.9341;1.0762;1.7100;0.5107;2.8985;41.047;64.819;8.000;0.000;0.000;0.000;0.000;0.000;0.000;0.000;3.3172;39.635;66.841;7.000;0.000;0.000;0.000;0.000;0.000;14558.000;1937.000;2.9912;40.742;65.274;8.000;4.000;0.052;0.000;0.052;0.000;0.000;796.000;2.9672;40.753;65.088;8.000;5.000;0.743;0.000;0.494;0.249;0.000;0.000
33;0.6626;1.6581;1.1011;0.9829;0.8337;0.7529;1.2813;2.8525;68.432;91.827;12.000;0.000;0.000;0.000;0.000;0.000;0.000;0.000;3.2042;66.976;93.256;10.000;0.000;0.000;0.000;0.000;0.000;6734.000;0.000;2.9817;67.088;91.541;11.000;4.000;0.607;0.000;0.607;0.000;0.000;0.000;2.9928;67.126;91.672;11.000;4.000;0.222;0.000;0.222;0.000;0.000;0.000
34;0.8302;0.9141;1.4678;1.8562;1.9825;0.9793;0.6056;2.9202;40.875;64.825;8.000;0.000;0.000;0.000;0.000;0.000;0.000;0.000;3.0044;40.435;65.075;7.000;0.000;0.000;0.000;0.000;0.000;7606.000;0.000;3.0044;40.435;65.075;7.000;0.000;0.000;0.000;0.000;0.000;7606.000;0.000;2.9174;40.815;64.742;8.000;5.000;0.422;0.000;0.422;0.000;0.000;0.000
35;0.5176;0.9926;0.5558;0.5886;0.6924;1.9779;0.6261;2.9508;45.108;69.310;7.000;0.000;0.000;0.000;0.000;0.000;0.000;0.000;3.2017;44.570;70.828;6.000;0.000;0.000;0.000;0.000;0.000;4539.000;2782.000;3.1354;44.632;70.347;8.000;4.000;2.371;0.000;2.371;0.000;0.000;4313.000;2.9582;45.026;69.287;6.000;3.000;0.378;0.000;0.085;0.293;0.000;0.000
36;0.5825;1.7800;1.1844;1.3946;0.8176;1.8247;1.9348;2.9641;105.074;129.384;17.000;0.000;0.000;0.000;0.000;0.000;0.000;0.000;3.3932;102.065;129.893;13.000;0.000;0.000;0.000;0.000;0.000;6423.000;22.000;3.3653;102.084;129.684;14.000;4.000;0.697;0.000;0.697;0.000;0.000;4125.000;3.1872;101.883;128.022;14.000;5.000;0.523;0.000;0.218;0.305;0.000;0.000
37;1.0844;1.9638;1.0081;0.9199;1.4854;1.2214;0.6602;3.0017;44.514;69.132;8.000;0.000;0.000;0.000;0.000;0.000;0.000;0.000;3.2431;43.958;70.556;8.000;0.000;0.000;0.000;0.000;0.000;7578.000;0.000;3.2431;43.958;70.556;8.000;0.000;0.000;0.000;0.000;0.000;7578.000;0.000;3.0219;44.383;69.167;8.000;4.000;0.292;0.000;0.292;0.000;0.000;0.000
38;1.0209;0.5115;1.6833;1.0606;0.5331;1.8347;1.9984;2.9671;110.356;134.690;19.000;0.000;0.000;0.000;0.000;0.000;0.000;0.000;3.4685;108.642;137.089;17.000;0.000;0.000;0.000;0.000;0.000;17905.000;3920.000;3.4685;108.642;137.089;17.000;0.000;0.000;0.000;0.000;0.000;17905.000;3920.000;2.9763;109.874;134.283;19.000;8.000;1.592;0.000;1.288;0.304;0.000;0.000
39;1.3895;0.9092;1.1351;0.5071;0.5811;0.7911;0.8843;2.8576;52.827;76.264;10.000;0.000;0.000;0.000;0.000;0.000;0.000;0.000;3.1039;52.538;77.995;5.000;0.000;0.000;0.000;0.000;0.000;5103.000;0.000;3.1039;52.538;77.995;5.000;0.000;0.000;0.000;0.000;0.000;5103.000;0.000;2.8626;52.686;76.164;11.000;6.000;0.691;0.000;0.691;0.000;0.000;0.000
40;1.4259;0.6335;0.5873;1.3149;1.7125;1.6927;1.3985;2.9608;80.505;104.787;13.000;0.000;0.000;0.000;0.000;0.000;0.000;0.000;3.7738;79.085;110.036;9.000;0.000;0.000;0.000;0.000;0.000;13340.000;3218.000;3.0786;79.859;105.108;13.000;4.000;0.082;0.000;0.082;0.000;0.000;1766.000;3.0133;79.951;104.664;12.000;5.000;0.675;0.000;0.515;0.160;0.000;0.000
41;1.9550;1.0311;1.4630;0.8915;0.8159;1.7674;0.9084;2.9337;62.802;86.862;13.000;0.000;0.000;0.000;0.000;0.000;0.000;0.000;3.3307;61.372;88.689;13.000;0.000;0.000;0.000;0.000;0.000;14341.000;1110.000;3.3307;61.372;88.689;13.000;0.000;0.000;0.000;0.000;0.000;14341.000;1110.000;2.9532;62.541;86.762;12.000;9.000;1.187;0.000;0.806;0.381;0.000;0.000
42;1.4073;0.9959;0.5842;0.5962;1.0141;1.3336;1.3996;3.0326;77.909;102.780;13.000;0.000;0.000;0.000;0.000;0.000;0.000;0.000;3.6414;76.751;106.615;8.000;0.000;0.000;0.000;0.000;0.000;14605.000;0.000;3.2688;77.276;104.085;12.000;4.000;0.090;0.000;0.090;0.000;0.000;2197.000;3.0754;77.364;102.586;12.000;5.000;0.650;0.000;0.557;0.093;0.000;0.000
43;0.7963;0.5064;1.0473;0.6503;0.7793;1.0965;0.8607;2.9477;52.013;76.189;9.000;0.000;0.000;0.000;0.000;0.000;0.000;0.000;3.1705;51.007;77.009;8.000;0.000;0.000;0.000;0.000;0.000;12907.000;0.000;3.0801;51.123;76.385;8.000;4.000;0.435;0.000;0.435;0.000;0.000;0.000;3.0801;51.123;76.385;8.000;4.000;0.435;0.000;0.435;0.000;0.000;0.000
44;0.9447;0.5362;0.6444;1.6064;1.0166;1.7055;1.6410;2.9452;90.664;114.819;14.000;0.000;0.000;0.000;0.000;0.000;0.000;0.000;3.3446;89.339;116.770;13.000;0.000;0.000;0.000;0.000;0.000;5378.000;3512.000;3.1297;89.527;115.195;14.000;4.000;1.173;0.000;1.173;0.000;0.000;3543.000;3.0024;89.763;114.387;13.000;4.000;0.605;0.000;0.282;0.322;0.000;0.000
45;0.6535;0.8701;1.0364;0.5724;0.5628;1.6054;1.5729;2.9589;86.901;111.168;14.000;0.000;0.000;0.000;0.000;0.000;0.000;0.000;3.2734;86.041;112.887;13.000;0.000;0.000;0.000;0.000;0.000;11413.000;2354.000;3.0616;86.384;111.494;14.000;4.000;0.898;0.000;0.898;0.000;0.000;4207.000;2.9714;86.642;111.011;14.000;5.000;0.682;0.000;0.437;0.245;0.000;0.000
46;0.8506;1.3316;1.0252;1.4096;0.7740;0.9646;1.7242;2.9176;89.830;113.758;15.000;0.000;0.000;0.000;0.000;0.000;0.000;0.000;3.0611;88.443;113.549;13.000;0.000;0.000;0.000;0.000;0.000;3784.000;0.000;3.0234;88.508;113.305;13.000;4.000;0.344;0.000;0.344;0.000;0.000;0.000;3.0234;88.508;113.305;13.000;4.000;0.344;0.000;0.344;0.000;0.000;0.000
47;1.5511;0.7684;1.6977;0.8690;1.2877;1.3407;0.8726;2.9673;57.984;82.320;13.000;0.000;0.000;0.000;0.000;0.000;0.000;0.000;3.1624;57.336;83.272;12.000;0.000;0.000;0.000;0.000;0.000;8279.000;1237.000;3.1624;57.336;83.272;12.000;0.000;0.000;0.000;0.000;0.000;8279.000;1237.000;2.9829;57.853;82.317;12.000;9.000;1.453;0.000;1.262;0.191;0.000;0.000
48;1.5737;0.9531;1.8939;1.8320;1.7417;1.7614;0.6131;2.9457;49.711;73.871;11.000;0.000;0.000;0.000;0.000;0.000;0.000;0.000;3.3808;48.050;75.778;10.000;0.000;0.000;0.000;0.000;0.000;17695.000;845.000;3.3808;48.050;75.778;10.000;0.000;0.000;0.000;0.000;0.000;17695.000;845.000;2.9332;49.591;73.647;12.000;9.000;1.304;0.000;1.032;0.272;0.000;0.000
49;1.2283;1.3969;1.0407;1.0413;0.6611;0.6248;1.4807;2.8071;77.971;100.993;14.000;0.000;0.000;0.000;0.000;0.000;0.000;0.000;3.0102;76.479;101.168;11.000;0.000;0.000;0.000;0.000;0.000;5709.000;0.000;3.0102;76.479;101.168;11.000;0.000;0.000;0.000;0.000;0.000;5709.000;0.000;2.9384;76.546;100.646;11.000;5.000;0.503;0.000;0.503;0.000;0.000;0.000
50;0.6152;1.3721;0.5564;0.8855;0.5169;1.2490;0.7505;3.0086;46.272;70.946;7.000;0.000;0.000;0.000;0.000;0.000;0.000;0.000;3.0869;46.075;71.393;6.000;0.000;0.000;0.000;0.000;0.000;1052.000;0.000;3.0360;45.940;70.839;4.000;4.000;2.088;0.000;2.088;0.000;0.000;0.000;3.0351;46.095;70.986;7.000;3.000;0.314;0.000;0.129;0.184;0.000;0.000
51;0.9562;0.7438;1.0221;1.2443;0.6302;1.4683;1.4794;2.9631;82.801;107.103;14.000;0.000;0.000;0.000;0.000;0.000;0.000;0.000;3.7526;80.622;111.399;10.000;0.000;0.000;0.000;0.000;0.000;14302.000;3658.000;3.1104;81.419;106.929;13.000;4.000;0.125;0.000;0.125;0.000;0.000;726.000;3.0920;81.415;106.774;11.000;5.000;0.782;0.000;0.560;0.222;0.000;0.000
52;1.8459;0.8476;1.6774;0.5693;1.9832;0.6710;0.8396;2.8097;52.787;75.831;12.000;0.000;0.000;0.000;0.000;0.000;0.000;0.000;3.3235;50.914;78.171;11.000;0.000;0.000;0.000;0.000;0.000;21898.000;0.000;3.3235;50.914;78.171;11.000;0.000;0.000;0.000;0.000;0.000;21898.000;0.000;2.9109;51.890;75.764;9.000;9.000;2.340;0.000;2.340;0.000;0.000;0.000
53;0.5692;1.5914;0.9807;1.8984;0.6110;1.7215;0.8231;2.9441;53.944;78.090;9.000;0.000;0.000;0.000;0.000;0.000;0.000;0.000;3.5790;52.545;81.897;7.000;0.000;0.000;0.000;0.000;0.000;10006.000;4203.000;3.1224;53.253;78.861;9.000;4.000;1.165;0.000;1.165;0.000;0.000;1425.000;3.0111;53.373;78.068;8.000;4.000;0.539;0.000;0.344;0.195;0.000;0.000
54;0.6938;1.2434;0.5214;1.0359;0.9641;0.5348;0.9128;2.7903;48.897;71.782;7.000;0.000;0.000;0.000;0.000;0.000;0.000;0.000;2.8664;48.564;72.073;7.000;0.000;0.000;0.000;0.000;0.000;7196.000;0.000;2.7881;48.574;71.441;9.000;4.000;1.984;0.000;1.984;0.000;0.000;0.000;2.8113;48.718;71.775;7.000;2.000;0.172;0.000;0.172;0.000;0.000;0.000
55;0.7630;0.7058;1.8158;1.1460;0.6191;1.4283;0.8346;2.9654;55.177;79.497;11.000;0.000;0.000;0.000;0.000;0.000;0.000;0.000;3.3602;53.910;81.468;10.000;0.000;0.000;0.000;0.000;0.000;8681.000;851.000;3.3602;53.910;81.468;10.000;0.000;0.000;0.000;0.000;0.000;8681.000;851.000;3.0493;54.480;79.489;10.000;7.000;0.764;0.000;0.522;0.242;0.000;0.000
56;1.1469;0.8467;1.2117;1.2869;0.7408;1.5824;1.1779;2.9472;71.053;95.225;13.000;0.000;0.000;0.000;0.000;0.000;0.000;0.000;3.2325;69.666;96.177;12.000;0.000;0.000;0.000;0.000;0.000;10318.000;2862.000;3.2325;69.666;96.177;12.000;0.000;0.000;0.000;0.000;0.000;10318.000;2862.000;2.9945;70.438;94.998;12.000;6.000;0.676;0.000;0.421;0.255;0.000;0.000
57;1.1571;0.6764;0.7110;0.8650;0.5240;0.5394;1.2530;2.7897;65.930;88.810;12.000;0.000;0.000;0.000;0.000;0.000;0.000;0.000;2.9395;64.932;89.040;11.000;0.000;0.000;0.000;0.000;0.000;2509.000;0.000;2.8982;64.939;88.709;11.000;4.000;0.379;0.000;0.379;0.000;0.000;0.000;2.8982;64.939;88.709;11.000;4.000;0.379;0.000;0.379;0.000;0.000;0.000
58;0.7754;1.3571;0.5547;1.3950;0.6729;1.6691;1.7569;2.9489;94.929;119.114;14.000;0.000;0.000;0.000;0.000;0.000;0.000;0.000;3.3372;93.037;120.407;12.000;0.000;0.000;0.000;0.000;0.000;2856.000;2000.000;3.3006;92.847;119.917;14.000;4.000;1.787;0.000;1.787;0.000;0.000;3869.000;3.0764;93.189;118.420;13.000;4.000;0.440;0.000;0.170;0.271;0.000;0.000
59;1.3001;0.8637;0.5181;1.4362;1.0910;0.5604;1.1030;2.8075;59.198;82.223;11.000;0.000;0.000;0.000;0.000;0.000;0.000;0.000;2.9977;58.499;83.084;9.000;0.000;0.000;0.000;0.000;0.000;10670.000;0.000;2.9018;58.297;82.096;10.000;4.000;0.517;0.000;0.517;0.000;0.000;0.000;2.9018;58.297;82.096;10.000;4.000;0.517;0.000;0.517;0.000;0.000;0.000
60;0.5043;0.9348;1.1700;1.5213;0.7481;0.6897;0.7912;2.8460;45.618;68.959;8.000;0.000;0.000;0.000;0.000;0.000;0.000;0.000;2.9961;45.099;69.671;7.000;0.000;0.000;0.000;0.000;0.000;10572.000;0.000;2.8632;45.390;68.872;8.000;4.000;0.822;0.000;0.822;0.000;0.000;0.000;2.8688;45.418;68.946;8.000;4.000;0.459;0.000;0.459;0.000;0.000;0.000
61;0.5428;1.8188;1.6950;1.1521;0.5545;0.5615;1.8203;2.7929;92.771;115.677;16.000;0.000;0.000;0.000;0.000;0.000;0.000;0.000;3.0987;90.484;115.897;9.000;0.000;0.000;0.000;0.000;0.000;3427.000;0.000;3.0987;90.484;115.897;9.000;0.000;0.000;0.000;0.000;0.000;3427.000;0.000;2.9709;90.524;114.890;13.000;5.000;0.548;0.000;0.548;0.000;0.000;0.000
62;0.5946;0.6119;1.4855;0.7595;0.8846;0.8827;1.3196;2.9014;71.833;95.629;12.000;0.000;0.000;0.000;0.000;0.000;0.000;0.000;3.0685;71.422;96.588;12.000;0.000;0.000;0.000;0.000;0.000;6238.000;0.000;3.0685;71.422;96.588;12.000;0.000;0.000;0.000;0.000;0.000;6238.000;0.000;2.9216;71.618;95.579;11.000;4.000;0.302;0.000;0.302;0.000;0.000;0.000
63;0.9624;1.5416;0.9944;0.7479;0.6548;1.4241;0.6778;2.9665;46.329;70.658;9.000;0.000;0.000;0.000;0.000;0.000;0.000;0.000;3.5919;45.326;74.785;5.000;0.000;0.000;0.000;0.000;0.000;10167.000;1923.000;3.1941;45.901;72.097;9.000;4.000;0.156;0.000;0.156;0.000;0.000;2189.000;3.0147;46.014;70.738;9.000;5.000;0.629;0.000;0.499;0.131;0.000;0.000
64;1.1630;1.1509;1.9007;0.5661;0.6667;1.2510;0.7910;3.0305;52.984;77.838;11.000;0.000;0.000;0.000;0.000;0.000;0.000;0.000;3.3568;51.494;79.025;9.000;0.000;0.000;0.000;0.000;0.000;20021.000;0.000;3.3568;51.494;79.025;9.000;0.000;0.000;0.000;0.000;0.000;20021.000;0.000;3.0350;52.709;77.601;12.000;9.000;1.978;0.000;1.724;0.253;0.000;0.000
65;0.5976;1.7300;1.3784;0.6807;0.5705;1.6075;1.1018;2.9722;66.529;90.906;12.000;0.000;0.000;0.000;0.000;0.000;0.000;0.000;3.3093;65.130;92.270;11.000;0.000;0.000;0.000;0.000;0.000;11053.000;3437.000;3.1050;65.701;91.166;10.000;4.000;0.101;0.000;0.101;0.000;0.000;476.000;3.0640;65.716;90.845;10.000;5.000;0.755;0.000;0.539;0.216;0.000;0.000
66;1.8140;1.0241;0.6886;0.6017;0.8924;1.2906;0.5030;2.9835;38.900;63.369;9.000;0.000;0.000;0.000;0.000;0.000;0.000;0.000;3.2608;38.361;65.104;8.000;0.000;0.000;0.000;0.000;0.000;2436.000;3373.000;3.2608;38.361;65.104;8.000;0.000;0.000;0.000;0.000;0.000;2436.000;3373.000;3.0292;38.635;63.479;6.000;7.000;0.997;0.000;0.818;0.179;0.000;0.000
67;0.8650;0.8752;1.2675;0.6552;1.6843;0.7847;1.5731;2.8592;82.640;106.090;14.000;0.000;0.000;0.000;0.000;0.000;0.000;0.000;3.0316;82.059;106.922;13.000;0.000;0.000;0.000;0.000;0.000;11127.000;0.000;3.0316;82.059;106.922;13.000;0.000;0.000;0.000;0.000;0.000;11127.000;0.000;2.8885;82.312;106.002;14.000;5.000;0.718;0.000;0.718;0.000;0.000;0.000
68;1.5749;1.7050;0.7158;1.6018;0.6883;0.8699;0.6397;2.8761;41.603;65.191;9.000;0.000;0.000;0.000;0.000;0.000;0.000;0.000;3.0199;41.034;65.801;7.000;0.000;0.000;0.000;0.000;0.000;7363.000;0.000;3.0199;41.034;65.801;7.000;0.000;0.000;0.000;0.000;0.000;7363.000;0.000;2.9252;41.297;65.288;8.000;5.000;0.471;0.000;0.471;0.000;0.000;0.000
69;0.9782;0.5549;1.8839;0.5091;0.9953;1.5979;0.6008;2.9525;46.325;70.540;10.000;0.000;0.000;0.000;0.000;0.000;0.000;0.000;3.2049;45.451;71.736;9.000;0.000;0.000;0.000;0.000;0.000;8093.000;2538.000;3.2049;45.451;71.736;9.000;0.000;0.000;0.000;0.000;0.000;8093.000;2538.000;2.9517;46.237;70.445;11.000;8.000;1.159;0.000;0.854;0.305;0.000;0.000
70;1.1441;1.0440;1.4291;1.3169;1.5692;1.5017;1.1217;2.9684;68.500;92.845;13.000;0.000;0.000;0.000;0.000;0.000;0.000;0.000;3.2306;67.556;94.052;13.000;0.000;0.000;0.000;0.000;0.000;9364.000;3159.000;3.2306;67.556;94.052;13.000;0.000;0.000;0.000;0.000;0.000;9364.000;3159.000;2.9670;68.326;92.660;14.000;7.000;0.782;0.000;0.556;0.226;0.000;0.000
71;0.8122;0.5803;0.6275;1.6730;0.7235;1.7268;0.7643;2.9421;50.886;75.015;8.000;0.000;0.000;0.000;0.000;0.000;0.000;0.000;3.1223;50.242;75.849;8.000;0.000;0.000;0.000;0.000;0.000;6680.000;782.000;3.0255;50.478;75.291;5.000;4.000;1.479;0.000;1.479;0.000;0.000;1209.000;2.9847;50.660;75.139;8.000;4.000;0.309;0.000;0.116;0.193;0.000;0.000
72;0.5413;0.7474;0.8522;0.5773;0.9072;1.5114;0.8874;2.9763;54.809;79.219;9.000;0.000;0.000;0.000;0.000;0.000;0.000;0.000;3.2289;54.441;80.922;9.000;0.000;0.000;0.000;0.000;0.000;3213.000;2354.000;3.1589;54.444;80.351;10.000;4.000;1.583;0.000;1.583;0.000;0.000;2978.000;2.9665;54.688;79.017;8.000;4.000;0.514;0.000;0.223;0.291;0.000;0.000
73;0.9914;1.9966;0.6739;1.0628;1.9663;0.9941;1.1351;2.9172;63.122;87.047;10.000;0.000;0.000;0.000;0.000;0.000;0.000;0.000;3.2815;62.529;89.442;7.000;0.000;0.000;0.000;0.000;0.000;9924.000;0.000;2.9396;62.786;86.895;11.000;4.000;0.885;0.000;0.885;0.000;0.000;0.000;2.9447;62.864;87.015;10.000;4.000;0.427;0.000;0.427;0.000;0.000;0.000
74;1.0669;0.5866;1.3494;1.7705;1.8064;1.1277;0.8151;2.9653;51.762;76.081;10.000;0.000;0.000;0.000;0.000;0.000;0.000;0.000;3.6739;50.302;80.433;4.000;0.000;0.000;0.000;0.000;0.000;17755.000;0.000;3.6739;50.302;80.433;4.000;0.000;0.000;0.000;0.000;0.000;17755.000;0.000;3.0402;51.268;76.202;9.000;6.000;0.987;0.000;0.987;0.000;0.000;0.000
75;1.2755;1.8522;1.9403;0.7402;1.8294;1.3761;1.6744;3.0005;94.067;118.676;18.000;0.000;0.000;0.000;0.000;0.000;0.000;0.000;3.3790;92.573;120.285;15.000;0.000;0.000;0.000;0.000;0.000;6207.000;2329.000;3.3790;92.573;120.285;15.000;0.000;0.000;0.000;0.000;0.000;6207.000;2329.000;3.0680;92.961;118.123;16.000;9.000;1.507;0.000;1.313;0.194;0.000;0.000
76;0.6307;1.9352;1.4211;0.6298;1.0572;0.5836;1.3653;2.8102;71.867;94.915;12.000;0.000;0.000;0.000;0.000;0.000;0.000;0.000;2.9866;71.315;95.809;12.000;0.000;0.000;0.000;0.000;0.000;4818.000;0.000;2.9866;71.315;95.809;12.000;0.000;0.000;0.000;0.000;0.000;4818.000;0.000;2.8552;71.409;94.825;11.000;4.000;0.356;0.000;0.356;0.000;0.000;0.000
77;1.1410;1.1146;1.6183;1.4534;0.5678;1.4382;1.0592;2.9965;65.760;90.336;13.000;0.000;0.000;0.000;0.000;0.000;0.000;0.000;3.5533;63.852;92.994;11.000;0.000;0.000;0.000;0.000;0.000;16961.000;3591.000;3.5533;63.852;92.994;11.000;0.000;0.000;0.000;0.000;0.000;16961.000;3591.000;3.0385;65.134;90.054;14.000;8.000;1.258;0.000;1.145;0.113;0.000;0.000
78;0.6496;0.8091;1.0128;1.6445;1.6980;0.5760;0.9229;2.8048;50.779;73.783;8.000;0.000;0.000;0.000;0.000;0.000;0.000;0.000;2.9404;50.331;74.446;8.000;0.000;0.000;0.000;0.000;0.000;9228.000;0.000;2.8280;50.528;73.721;9.000;4.000;0.863;0.000;0.863;0.000;0.000;0.000;2.8363;50.563;73.825;8.000;4.000;0.497;0.000;0.497;0.000;0.000;0.000
79;1.6100;1.1525;1.6362;1.1443;0.6812;1.0040;1.0212;2.9187;62.341;86.278;13.000;0.000;0.000;0.000;0.000;0.000;0.000;0.000;3.0708;61.688;86.872;13.000;0.000;0.000;0.000;0.000;0.000;5531.000;0.000;3.0708;61.688;86.872;13.000;0.000;0.000;0.000;0.000;0.000;5531.000;0.000;2.9759;61.832;86.239;12.000;8.000;1.253;0.000;1.253;0.000;0.000;0.000
80;1.7269;0.8188;0.6925;1.4120;0.8945;0.9785;1.9361;2.9505;100.935;125.134;17.000;0.000;0.000;0.000;0.000;0.000;0.000;0.000;3.9992;97.258;130.057;9.000;0.000;0.000;0.000;0.000;0.000;18065.000;0.000;3.9992;97.258;130.057;9.000;0.000;0.000;0.000;0.000;0.000;18065.000;0.000;3.1790;97.712;123.784;14.000;6.000;1.028;0.000;1.028;0.000;0.000;0.000
81;1.2739;1.2690;1.8248;1.3497;1.8785;1.2030;1.1288;3.0009;68.223;92.835;13.000;0.000;0.000;0.000;0.000;0.000;0.000;0.000;3.2420;66.594;93.183;13.000;0.000;0.000;0.000;0.000;0.000;22442.000;0.000;3.2420;66.594;93.183;13.000;0.000;0.000;0.000;0.000;0.000;22442.000;0.000;3.0176;67.905;92.654;14.000;8.000;1.637;0.000;1.637;0.000;0.000;0.000
82;0.7415;0.6885;1.0446;0.5427;0.6314;1.3349;1.2817;3.0139;72.322;97.040;13.000;0.000;0.000;0.000;0.000;0.000;0.000;0.000;3.4697;70.481;98.937;10.000;0.000;0.000;0.000;0.000;0.000;7719.000;4333.000;3.2912;70.877;97.870;12.000;4.000;0.580;0.000;0.580;0.000;0.000;2025.000;3.1338;71.004;96.706;12.000;5.000;0.476;0.000;0.381;0.095;0.000;0.000
83;0.5200;0.6269;1.1774;0.8798;1.1313;0.5977;1.6529;2.8077;84.045;107.072;13.000;0.000;0.000;0.000;0.000;0.000;0.000;0.000;3.0812;82.912;108.183;12.000;0.000;0.000;0.000;0.000;0.000;12780.000;0.000;2.8704;83.036;106.577;13.000;4.000;0.768;0.000;0.768;0.000;0.000;0.000;2.8778;83.069;106.671;13.000;4.000;0.396;0.000;0.396;0.000;0.000;0.000
84;0.7159;0.8402;0.9322;1.1373;1.9467;0.6684;0.6262;2.8346;37.949;61.196;7.000;0.000;0.000;0.000;0.000;0.000;0.000;0.000;2.8959;37.562;61.312;6.000;0.000;0.000;0.000;0.000;0.000;7720.000;0.000;2.8442;37.796;61.123;7.000;4.000;0.906;0.000;0.906;0.000;0.000;0.000;2.8635;37.867;61.352;3.000;3.000;0.123;0.000;0.123;0.000;0.000;0.000
85;0.6116;1.4635;0.8496;1.8074;0.5483;1.0447;1.4285;2.9435;76.121;100.263;12.000;0.000;0.000;0.000;0.000;0.000;0.000;0.000;3.2549;74.894;101.589;10.000;0.000;0.000;0.000;0.000;0.000;11550.000;0.000;3.0307;75.150;100.006;12.000;4.000;1.363;0.000;1.363;0.000;0.000;0.000;3.0382;75.221;100.138;10.000;3.000;0.291;0.000;0.291;0.000;0.000;0.000
86;1.0099;0.8786;1.5401;1.0127;1.7569;0.6960;1.1462;2.8248;64.130;87.297;12.000;0.000;0.000;0.000;0.000;0.000;0.000;0.000;3.0204;63.529;88.300;12.000;0.000;0.000;0.000;0.000;0.000;7120.000;0.000;3.0204;63.529;88.300;12.000;0.000;0.000;0.000;0.000;0.000;7120.000;0.000;2.8644;63.731;87.223;13.000;6.000;0.593;0.000;0.593;0.000;0.000;0.000
87;1.2049;1.7584;0.5690;1.5278;1.2896;1.6486;1.1629;2.9430;69.330;93.466;12.000;0.000;0.000;0.000;0.000;0.000;0.000;0.000;3.2219;68.420;94.845;11.000;0.000;0.000;0.000;0.000;0.000;6400.000;1269.000;3.1188;68.574;94.152;12.000;4.000;0.701;0.000;0.701;0.000;0.000;2787.000;2.9863;68.795;93.287;12.000;5.000;0.340;0.000;0.233;0.107;0.000;0.000
88;0.9379;1.5080;0.7414;0.5399;1.4141;1.5419;1.5772;2.9790;86.628;111.061;14.000;0.000;0.000;0.000;0.000;0.000;0.000;0.000;3.1614;85.862;111.790;13.000;0.000;0.000;0.000;0.000;0.000;10595.000;446.000;3.0506;86.151;111.170;14.000;4.000;0.897;0.000;0.897;0.000;0.000;1764.000;2.9854;86.311;110.796;14.000;5.000;0.614;0.000;0.486;0.128;0.000;0.000
89;0.9300;1.3807;1.3447;0.7459;1.4450;1.9031;0.8146;2.9325;56.493;80.543;11.000;0.000;0.000;0.000;0.000;0.000;0.000;0.000;3.2146;55.621;81.986;5.000;0.000;0.000;0.000;0.000;0.000;5035.000;939.000;3.2146;55.621;81.986;5.000;0.000;0.000;0.000;0.000;0.000;5035.000;939.000;2.9869;56.001;80.498;10.000;6.000;0.792;0.000;0.489;0.303;0.000;0.000
90;0.7305;1.1233;1.6884;1.1620;1.9187;1.7965;1.3393;2.9297;79.878;103.906;14.000;0.000;0.000;0.000;0.000;0.000;0.000;0.000;3.3613;78.319;105.887;12.000;0.000;0.000;0.000;0.000;0.000;15067.000;3630.000;3.3613;78.319;105.887;12.000;0.000;0.000;0.000;0.000;0.000;15067.000;3630.000;2.9792;79.439;103.873;13.000;7.000;1.148;0.000;0.946;0.202;0.000;0.000
91;1.3322;0.6400;0.8022;1.5372;0.8711;0.6859;0.5457;2.7898;35.959;58.839;7.000;0.000;0.000;0.000;0.000;0.000;0.000;0.000;3.0540;35.312;60.359;7.000;0.000;0.000;0.000;0.000;0.000;10820.000;0.000;3.0540;35.312;60.359;7.000;0.000;0.000;0.000;0.000;0.000;10820.000;0.000;2.8418;35.758;59.065;6.000;4.000;0.199;0.000;0.199;0.000;0.000;0.000
92;0.6812;1.1128;1.8003;0.8604;1.4939;0.5977;1.5643;2.8341;81.916;105.160;15.000;0.000;0.000;0.000;0.000;0.000;0.000;0.000;2.9070;81.762;105.604;13.000;0.000;0.000;0.000;0.000;0.000;2485.000;0.000;2.9070;81.762;105.604;13.000;0.000;0.000;0.000;0.000;0.000;2485.000;0.000;2.8306;81.767;104.982;14.000;6.000;0.758;0.000;0.758;0.000;0.000;0.000
93;1.8088;1.0036;0.9392;1.7608;0.6857;1.7916;1.7839;2.9575;100.733;124.988;18.000;0.000;0.000;0.000;0.000;0.000;0.000;0.000;3.5223;97.503;126.391;14.000;0.000;0.000;0.000;0.000;0.000;19622.000;295.000;3.5223;97.503;126.391;14.000;0.000;0.000;0.000;0.000;0.000;19622.000;295.000;3.0793;98.688;123.942;15.000;8.000;1.360;0.000;1.237;0.123;0.000;0.000
94;1.8857;1.7198;1.0363;1.2866;1.0468;0.7597;1.9742;2.8883;102.572;126.260;18.000;0.000;0.000;0.000;0.000;0.000;0.000;0.000;3.2338;102.000;128.522;12.000;0.000;0.000;0.000;0.000;0.000;11576.000;0.000;3.2338;102.000;128.522;12.000;0.000;0.000;0.000;0.000;0.000;11576.000;0.000;2.9012;102.289;126.083;18.000;7.000;0.712;0.000;0.712;0.000;0.000;0.000
95;0.5176;0.7086;1.8116;1.8720;0.7359;1.9994;1.5425;2.9527;90.046;114.262;15.000;0.000;0.000;0.000;0.000;0.000;0.000;0.000;3.3306;88.003;115.319;12.000;0.000;0.000;0.000;0.000;0.000;10191.000;2423.000;3.3306;88.003;115.319;12.000;0.000;0.000;0.000;0.000;0.000;10191.000;2423.000;3.0992;88.330;113.748;12.000;6.000;0.654;0.000;0.337;0.317;0.000;0.000
96;1.4679;1.1047;0.8637;0.5064;0.8300;0.8406;0.5598;2.8601;38.071;61.528;8.000;0.000;0.000;0.000;0.000;0.000;0.000;0.000;2.9715;37.524;61.895;7.000;0.000;0.000;0.000;0.000;0.000;11084.000;0.000;2.9715;37.524;61.895;7.000;0.000;0.000;0.000;0.000;0.000;11084.000;0.000;2.8591;38.012;61.460;8.000;5.000;0.358;0.000;0.358;0.000;0.000;0.000
97;0.5621;0.7203;0.9922;1.4623;1.1311;1.0584;1.5086;2.9391;80.113;104.218;12.000;0.000;0.000;0.000;0.000;0.000;0.000;0.000;3.3359;78.239;105.598;10.000;0.000;0.000;0.000;0.000;0.000;9922.000;0.000;3.0894;78.492;103.830;12.000;4.000;1.132;0.000;1.132;0.000;0.000;0.000;3.0977;78.545;103.950;11.000;3.000;0.330;0.000;0.330;0.000;0.000;0.000
98;1.6200;0.9200;1.1602;1.7932;0.5585;1.1630;1.4672;2.9921;82.338;106.878;15.000;0.000;0.000;0.000;0.000;0.000;0.000;0.000;3.2334;80.641;107.160;12.000;0.000;0.000;0.000;0.000;0.000;9141.000;0.000;3.2334;80.641;107.160;12.000;0.000;0.000;0.000;0.000;0.000;9141.000;0.000;3.1004;81.028;106.456;14.000;7.000;1.131;0.000;1.131;0.000;0.000;0.000
99;0.9042;1.4141;1.6022;1.4426;1.0523;1.3648;1.3367;2.9826;77.154;101.616;14.000;0.000;0.000;0.000;0.000;0.000;0.000;0.000;3.3257;76.463;103.739;12.000;0.000;0.000;0.000;0.000;0.000;3919.000;3263.000;3.3257;76.463;103.739;12.000;0.000;0.000;0.000;0.000;0.000;3919.000;3263.000;3.0175;76.747;101.495;13.000;7.000;0.872;0.000;0.724;0.148;0.000;0.000
100;0.8507;0.5150;1.8653;0.9562;0.7563;0.7076;0.8699;2.8269;52.236;75.421;11.000;0.000;0.000;0.000;0.000;0.000;0.000;0.000;3.4837;51.392;79.963;5.000;0.000;0.000;0.000;0.000;0.000;18745.000;0.000;3.4837;51.392;79.963;5.000;0.000;0.000;0.000;0.000;0.000;18745.000;0.000;2.8214;52.142;75.282;12.000;7.000;1.226;0.000;1.226;0.000;0.000;0.000
101;1.1140;1.0249;0.8493;0.5569;1.9474;0.5110;1.7895;2.7713;90.343;113.071;15.000;0.000;0.000;0.000;0.000;0.000;0.000;0.000;3.1101;88.150;113.657;13.000;0.000;0.000;0.000;0.000;0.000;13021.000;0.000;2.9319;88.326;112.372;13.000;4.000;0.127;0.000;0.127;0.000;0.000;0.000;2.9324;88.291;112.341;9.000;4.000;0.584;0.000;0.584;0.000;0.000;0.000
102;0.5225;1.0076;1.4855;1.2545;1.3301;0.5724;1.6565;2.8090;84.850;107.888;14.000;0.000;0.000;0.000;0.000;0.000;0.000;0.000;2.8753;83.900;107.481;13.000;0.000;0.000;0.000;0.000;0.000;187.000;0.000;2.8753;83.900;107.481;13.000;0.000;0.000;0.000;0.000;0.000;187.000;0.000;2.8705;83.870;107.412;9.000;4.000;0.455;0.000;0.455;0.000;0.000;0.000
103;1.2308;1.8449;1.9869;1.4233;1.5266;1.8948;1.3553;2.9392;83.364;107.470;16.000;0.000;0.000;0.000;0.000;0.000;0.000;0.000;3.3119;82.306;109.469;14.000;0.000;0.000;0.000;0.000;0.000;5609.000;3249.000;3.3119;82.306;109.469;14.000;0.000;0.000;0.000;0.000;0.000;5609.000;3249.000;2.9811;82.821;107.270;9.000;9.000;1.556;0.000;1.295;0.261;0.000;0.000
104;1.1675;1.0381;1.0322;1.2141;1.1887;0.5010;0.6149;2.7902;37.867;60.751;7.000;0.000;0.000;0.000;0.000;0.000;0.000;0.000;3.0967;37.248;62.645;7.000;0.000;0.000;0.000;0.000;0.000;16675.000;0.000;3.0967;37.248;62.645;7.000;0.000;0.000;0.000;0.000;0.000;16675.000;0.000;2.7854;37.768;60.613;8.000;5.000;0.682;0.000;0.682;0.000;0.000;0.000
105;0.8910;0.7449;1.2737;1.9743;0.7228;1.5384;0.8367;2.9356;55.049;79.125;10.000;0.000;0.000;0.000;0.000;0.000;0.000;0.000;3.1829;53.503;79.607;9.000;0.000;0.000;0.000;0.000;0.000;11951.000;1297.000;3.1829;53.503;79.607;9.000;0.000;0.000;0.000;0.000;0.000;11951.000;1297.000;3.0388;54.288;79.210;9.000;6.000;0.932;0.000;0.777;0.155;0.000;0.000
106;1.3638;0.5655;1.1874;1.0289;1.5781;0.5893;1.0306;2.7924;58.240;81.142;11.000;0.000;0.000;0.000;0.000;0.000;0.000;0.000;2.9808;57.554;82.001;11.000;0.000;0.000;0.000;0.000;0.000;6834.000;0.000;2.9808;57.554;82.001;11.000;0.000;0.000;0.000;0.000;0.000;6834.000;0.000;2.8593;57.719;81.169;6.000;6.000;0.610;0.000;0.610;0.000;0.000;0.000
107;1.6549;1.3099;0.6248;1.6321;0.6887;0.5538;0.5624;2.7736;36.222;58.969;8.000;0.000;0.000;0.000;0.000;0.000;0.000;0.000;2.8476;35.961;59.316;7.000;0.000;0.000;0.000;0.000;0.000;6473.000;0.000;2.8476;35.961;59.316;7.000;0.000;0.000;0.000;0.000;0.000;6473.000;0.000;2.7762;36.114;58.883;8.000;5.000;0.500;0.000;0.500;0.000;0.000;0.000
108;1.4830;1.6029;1.6950;1.4228;1.7267;1.8090;1.0529;2.9465;69.075;93.240;14.000;0.000;0.000;0.000;0.000;0.000;0.000;0.000;3.2641;67.783;94.553;13.000;0.000;0.000;0.000;0.000;0.000;6851.000;3102.000;3.2641;67.783;94.553;13.000;0.000;0.000;0.000;0.000;0.000;6851.000;3102.000;2.9922;68.379;92.919;13.000;9.000;1.822;0.000;1.429;0.394;0.000;0.000
109;1.2012;1.8750;1.0199;0.6981;1.8369;0.5364;1.1225;2.7750;61.126;83.885;12.000;0.000;0.000;0.000;0.000;0.000;0.000;0.000;2.8144;60.934;84.016;11.000;0.000;0.000;0.000;0.000;0.000;1723.000;0.000;2.8144;60.934;84.016;11.000;0.000;0.000;0.000;0.000;0.000;1723.000;0.000;2.7966;60.905;83.842;12.000;5.000;0.624;0.000;0.624;0.000;0.000;0.000
110;1.8137;1.4032;1.1575;0.9814;0.7296;1.0918;1.3920;2.9580;78.662;102.922;14.000;0.000;0.000;0.000;0.000;0.000;0.000;0.000;3.2494;77.363;104.013;12.000;0.000;0.000;0.000;0.000;0.000;14501.000;0.000;3.2494;77.363;104.013;12.000;0.000;0.000;0.000;0.000;0.000;14501.000;0.000;3.0288;78.099;102.939;14.000;7.000;0.591;0.000;0.591;0.000;0.000;0.000
111;1.0886;1.4467;1.9109;1.2132;1.3340;1.6229;1.0765;2.9702;68.309;92.669;13.000;0.000;0.000;0.000;0.000;0.000;0.000;0.000;3.7176;66.173;96.663;8.000;0.000;0.000;0.000;0.000;0.000;17511.000;3457.000;3.7176;66.173;96.663;8.000;0.000;0.000;0.000;0.000;0.000;17511.000;3457.000;3.0226;67.619;92.408;12.000;8.000;1.602;0.000;1.304;0.297;0.000;0.000
112;0.7457;1.5021;1.5688;1.9450;0.5149;1.0098;0.5443;2.8952;38.572;62.317;8.000;0.000;0.000;0.000;0.000;0.000;0.000;0.000;3.0665;37.804;62.954;6.000;0.000;0.000;0.000;0.000;0.000;9597.000;0.000;3.0665;37.804;62.954;6.000;0.000;0.000;0.000;0.000;0.000;9597.000;0.000;2.9379;38.355;62.450;7.000;5.000;0.375;0.000;0.375;0.000;0.000;0.000
113;0.9949;0.9692;0.6781;1.9977;1.4002;0.8539;1.5050;2.8778;78.877;102.479;12.000;0.000;0.000;0.000;0.000;0.000;0.000;0.000;3.2330;77.096;103.611;10.000;0.000;0.000;0.000;0.000;0.000;10236.000;0.000;3.0152;77.251;101.980;12.000;4.000;0.872;0.000;0.872;0.000;0.000;0.000;3.0231;77.291;102.085;8.000;4.000;0.496;0.000;0.496;0.000;0.000;0.000
114;0.7040;0.7418;1.4669;1.3107;1.4841;0.8578;0.6460;2.8894;41.548;65.246;8.000;0.000;0.000;0.000;0.000;0.000;0.000;0.000;3.2176;40.804;67.193;8.000;0.000;0.000;0.000;0.000;0.000;14275.000;0.000;3.2176;40.804;67.193;8.000;0.000;0.000;0.000;0.000;0.000;14275.000;0.000;2.9284;41.195;65.212;8.000;5.000;0.733;0.000;0.733;0.000;0.000;0.000
115;0.9132;1.3961;1.6163;1.7465;1.9798;0.7719;1.5978;2.8516;84.806;108.193;15.000;0.000;0.000;0.000;0.000;0.000;0.000;0.000;3.0738;84.118;109.327;13.000;0.000;0.000;0.000;0.000;0.000;6036.000;0.000;3.0738;84.118;109.327;13.000;0.000;0.000;0.000;0.000;0.000;6036.000;0.000;2.9003;84.254;108.041;14.000;6.000;0.641;0.000;0.641;0.000;0.000;0.000
116;1.9959;0.7367;0.5035;0.6092;1.4695;1.5239;0.7167;2.9501;50.138;74.333;10.000;0.000;0.000;0.000;0.000;0.000;0.000;0.000;3.2474;49.704;76.337;10.000;0.000;0.000;0.000;0.000;0.000;2308.000;3651.000;3.2474;49.704;76.337;10.000;0.000;0.000;0.000;0.000;0.000;2308.000;3651.000;2.9444;50.001;74.149;11.000;7.000;1.065;0.000;0.842;0.224;0.000;0.000
117;1.8409;0.6940;1.3728;0.6457;1.4285;0.5365;1.1331;2.7871;64.247;87.105;14.000;0.000;0.000;0.000;0.000;0.000;0.000;0.000;2.9825;63.906;88.367;7.000;0.000;0.000;0.000;0.000;0.000;3493.000;0.000;2.9825;63.906;88.367;7.000;0.000;0.000;0.000;0.000;0.000;3493.000;0.000;2.8036;63.888;86.882;14.000;8.000;1.343;0.000;1.343;0.000;0.000;0.000
118;0.8111;1.2468;1.7095;0.7815;1.8688;0.9355;0.8704;2.8916;53.167;76.882;10.000;0.000;0.000;0.000;0.000;0.000;0.000;0.000;3.1310;52.898;78.577;5.000;0.000;0.000;0.000;0.000;0.000;5314.000;0.000;3.1310;52.898;78.577;5.000;0.000;0.000;0.000;0.000;0.000;5314.000;0.000;2.8980;53.110;76.877;11.000;6.000;0.667;0.000;0.667;0.000;0.000;0.000
119;0.6639;0.5401;0.5442;1.6248;0.5051;1.2282;1.1641;3.0080;65.055;89.725;10.000;0.000;0.000;0.000;0.000;0.000;0.000;0.000;3.1507;64.353;90.193;9.000;0.000;0.000;0.000;0.000;0.000;5539.000;0.000;3.0422;64.408;89.359;11.000;4.000;2.015;0.000;2.015;0.000;0.000;0.000;3.0407;64.548;89.487;8.000;3.000;0.304;0.000;0.121;0.183;0.000;0.000
120;1.1286;0.9459;0.5463;0.6529;1.3096;1.7195;0.9756;2.9783;60.836;85.263;10.000;0.000;0.000;0.000;0.000;0.000;0.000;0.000;3.2321;59.803;86.311;8.000;0.000;0.000;0.000;0.000;0.000;9206.000;247.000;3.0758;60.115;85.341;10.000;4.000;0.940;0.000;0.940;0.000;0.000;2009.000;3.0037;60.338;84.973;9.000;5.000;0.544;0.000;0.417;0.127;0.000;0.000
121;0.8591;1.5876;0.5286;1.1464;1.9218;0.9076;0.7598;2.8888;44.848;68.541;7.000;0.000;0.000;0.000;0.000;0.000;0.000;0.000;2.9917;44.490;69.027;7.000;0.000;0.000;0.000;0.000;0.000;5205.000;0.000;2.9204;44.495;68.447;4.000;4.000;1.579;0.000;1.579;0.000;0.000;0.000;2.9354;44.619;68.693;7.000;3.000;0.240;0.000;0.240;0.000;0.000;0.000
122;0.8379;1.1089;1.6976;1.3741;0.8038;0.8498;1.2059;2.8723;67.702;91.259;12.000;0.000;0.000;0.000;0.000;0.000;0.000;0.000;3.0949;66.754;92.137;12.000;0.000;0.000;0.000;0.000;0.000;6280.000;0.000;3.0949;66.754;92.137;12.000;0.000;0.000;0.000;0.000;0.000;6280.000;0.000;2.9528;66.945;91.163;13.000;6.000;0.627;0.000;0.627;0.000;0.000;0.000
123;1.1943;0.5855;1.1125;1.4084;0.5964;1.4659;0.6144;2.9744;44.639;69.034;9.000;0.000;0.000;0.000;0.000;0.000;0.000;0.000;3.2869;43.965;70.922;8.000;0.000;0.000;0.000;0.000;0.000;6248.000;3413.000;3.2869;43.965;70.922;8.000;0.000;0.000;0.000;0.000;0.000;6248.000;3413.000;2.9709;44.577;68.943;9.000;6.000;0.620;0.000;0.433;0.186;0.000;0.000
124;0.5637;1.0825;1.4763;1.1751;1.1595;0.5682;1.1158;2.8070;60.495;83.517;11.000;0.000;0.000;0.000;0.000;0.000;0.000;0.000;2.8780;60.365;83.969;11.000;0.000;0.000;0.000;0.000;0.000;3259.000;0.000;2.8780;60.365;83.969;11.000;0.000;0.000;0.000;0.000;0.000;3259.000;0.000;2.8016;60.432;83.409;11.000;4.000;0.385;0.000;0.385;0.000;0.000;0.000
125;1.0208;0.5100;1.4458;0.6780;0.9507;0.9422;1.2839;2.9096;71.569;95.431;13.000;0.000;0.000;0.000;0.000;0.000;0.000;0.000;3.0924;70.398;95.760;12.000;0.000;0.000;0.000;0.000;0.000;4714.000;0.000;3.0924;70.398;95.760;12.000;0.000;0.000;0.000;0.000;0.000;4714.000;0.000;3.0520;70.240;95.270;13.000;6.000;0.836;0.000;0.836;0.000;0.000;0.000
126;1.6521;1.4743;0.6709;0.6866;0.9056;0.8298;1.3544;2.8667;73.653;97.164;13.000;0.000;0.000;0.000;0.000;0.000;0.000;0.000;3.0569;72.879;97.950;11.000;0.000;0.000;0.000;0.000;0.000;10389.000;0.000;3.0569;72.879;97.950;11.000;0.000;0.000;0.000;0.000;0.000;10389.000;0.000;2.9241;73.181;97.163;11.000;5.000;0.389;0.000;0.389;0.000;0.000;0.000
127;1.0686;0.9336;1.1557;0.8479;1.6429;1.4095;1.5074;2.9873;84.218;108.718;15.000;0.000;0.000;0.000;0.000;0.000;0.000;0.000;3.2643;82.430;109.202;12.000;0.000;0.000;0.000;0.000;0.000;4839.000;17.000;3.2643;82.430;109.202;12.000;0.000;0.000;0.000;0.000;0.000;4839.000;17.000;3.1186;82.639;108.216;12.000;6.000;0.819;0.000;0.639;0.181;0.000;0.000
128;1.9762;1.2961;1.2347;1.4465;1.2020;1.8792;0.8786;2.9263;61.829;85.828;13.000;0.000;0.000;0.000;0.000;0.000;0.000;0.000;3.2666;61.205;87.996;11.000;0.000;0.000;0.000;0.000;0.000;4461.000;2938.000;3.2666;61.205;87.996;11.000;0.000;0.000;0.000;0.000;0.000;4461.000;2938.000;2.9231;61.588;85.562;12.000;9.000;1.722;0.000;1.387;0.335;0.000;0.000
129;0.8343;0.5631;1.8477;0.5601;1.7659;0.8175;1.9763;2.8981;102.465;126.233;18.000;0.000;0.000;0.000;0.000;0.000;0.000;0.000;3.1740;101.724;127.756;16.000;0.000;0.000;0.000;0.000;0.000;16386.000;0.000;3.1740;101.724;127.756;16.000;0.000;0.000;0.000;0.000;0.000;16386.000;0.000;2.9156;102.116;126.027;18.000;7.000;1.322;0.000;1.322;0.000;0.000;0.000
130;0.5999;0.6992;1.4960;0.8576;0.9214;0.6607;0.6210;2.8422;38.847;62.157;7.000;0.000;0.000;0.000;0.000;0.000;0.000;0.000;3.0316;38.520;63.383;7.000;0.000;0.000;0.000;0.000;0.000;7844.000;0.000;3.0316;38.520;63.383;7.000;0.000;0.000;0.000;0.000;0.000;7844.000;0.000;2.8485;38.816;62.178;7.000;4.000;0.263;0.000;0.263;0.000;0.000;0.000
131;1.6441;1.1357;1.4870;0.8311;0.9817;1.7797;1.7538;2.9366;100.176;124.260;19.000;0.000;0.000;0.000;0.000;0.000;0.000;0.000;3.5444;96.895;125.964;15.000;0.000;0.000;0.000;0.000;0.000;21917.000;2286.000;3.5444;96.895;125.964;15.000;0.000;0.000;0.000;0.000;0.000;21917.000;2286.000;3.0563;98.365;123.431;16.000;9.000;1.912;0.000;1.578;0.334;0.000;0.000
132;1.1417;1.2859;0.5546;0.8056;1.0978;0.9227;0.7657;2.9029;46.001;69.809;7.000;0.000;0.000;0.000;0.000;0.000;0.000;0.000;3.1442;45.313;71.100;7.000;0.000;0.000;0.000;0.000;0.000;12612.000;0.000;2.9452;45.681;69.836;4.000;4.000;0.825;0.000;0.825;0.000;0.000;0.000;2.9509;45.759;69.960;8.000;4.000;0.443;0.000;0.443;0.000;0.000;0.000
133;1.3247;0.6932;1.7656;0.6663;1.3527;0.9922;1.3813;2.9313;77.883;101.924;14.000;0.000;0.000;0.000;0.000;0.000;0.000;0.000;3.3868;76.350;104.126;12.000;0.000;0.000;0.000;0.000;0.000;21680.000;0.000;3.3868;76.350;104.126;12.000;0.000;0.000;0.000;0.000;0.000;21680.000;0.000;2.9882;77.233;101.740;8.000;8.000;1.659;0.000;1.659;0.000;0.000;0.000
134;0.8773;0.8165;1.2216;1.9005;1.2987;0.5113;0.5219;2.7467;33.671;56.198;7.000;0.000;0.000;0.000;0.000;0.000;0.000;0.000;2.9299;33.346;57.375;7.000;0.000;0.000;0.000;0.000;0.000;8087.000;0.000;2.9299;33.346;57.375;7.000;0.000;0.000;0.000;0.000;0.000;8087.000;0.000;2.7565;33.632;56.239;6.000;4.000;0.264;0.000;0.264;0.000;0.000;0.000
135;0.6720;0.8159;0.6237;1.8751;0.7227;0.9443;0.6077;2.8999;38.030;61.814;5.000;0.000;0.000;0.000;0.000;0.000;0.000;0.000;3.0202;37.686;62.457;5.000;0.000;0.000;0.000;0.000;0.000;8194.000;0.000;2.8953;37.843;61.589;7.000;4.000;1.788;0.000;1.788;0.000;0.000;0.000;2.9080;37.978;61.828;6.000;3.000;0.255;0.000;0.255;0.000;0.000;0.000
136;0.7632;1.0656;0.8932;0.5656;1.4100;1.9174;0.6931;2.9287;49.517;73.537;8.000;0.000;0.000;0.000;0.000;0.000;0.000;0.000;3.4559;48.228;76.572;7.000;0.000;0.000;0.000;0.000;0.000;8524.000;3759.000;2.9944;49.019;73.578;9.000;4.000;0.901;0.000;0.901;0.000;0.000;47.000;2.9951;49.097;73.661;7.000;4.000;0.475;0.000;0.209;0.266;0.000;0.000
137;0.6798;1.4245;0.9385;0.5288;0.5345;1.9490;1.3629;2.9486;79.648;103.830;12.000;0.000;0.000;0.000;0.000;0.000;0.000;0.000;3.2795;78.667;105.564;12.000;0.000;0.000;0.000;0.000;0.000;4346.000;4258.000;3.1114;78.957;104.474;13.000;4.000;1.031;0.000;1.031;0.000;0.000;2228.000;2.9878;79.191;103.695;12.000;4.000;0.608;0.000;0.198;0.411;0.000;0.000
138;1.0215;0.6226;1.7662;0.8411;0.7880;1.4950;1.5544;2.9886;88.177;112.688;16.000;0.000;0.000;0.000;0.000;0.000;0.000;0.000;3.3841;86.239;113.993;13.000;0.000;0.000;0.000;0.000;0.000;9237.000;835.000;3.3841;86.239;113.993;13.000;0.000;0.000;0.000;0.000;0.000;9237.000;835.000;3.1239;86.774;112.394;14.000;8.000;1.189;0.000;1.062;0.127;0.000;0.000
139;0.5135;1.0721;0.8134;1.9193;0.7733;0.7586;1.2455;2.8624;65.500;88.976;11.000;0.000;0.000;0.000;0.000;0.000;0.000;0.000;3.0493;64.631;89.640;9.000;0.000;0.000;0.000;0.000;0.000;3119.000;0.000;2.9392;64.557;88.662;11.000;4.000;1.679;0.000;1.679;0.000;0.000;0.000;2.9609;64.662;88.945;10.000;3.000;0.158;0.000;0.158;0.000;0.000;0.000
140;1.7502;1.2176;1.0865;0.5911;0.7141;1.5133;0.6038;2.9594;45.778;70.049;10.000;0.000;0.000;0.000;0.000;0.000;0.000;0.000;3.1804;45.123;71.206;10.000;0.000;0.000;0.000;0.000;0.000;5009.000;3785.000;3.1804;45.123;71.206;10.000;0.000;0.000;0.000;0.000;0.000;5009.000;3785.000;2.9441;45.696;69.842;11.000;8.000;1.273;0.000;0.979;0.295;0.000;0.000
141;1.8410;1.8592;1.2126;0.7602;1.8003;1.5107;1.3889;2.9774;81.604;106.023;15.000;0.000;0.000;0.000;0.000;0.000;0.000;0.000;3.4372;79.808;107.998;13.000;0.000;0.000;0.000;0.000;0.000;19440.000;370.000;3.4372;79.808;107.998;13.000;0.000;0.000;0.000;0.000;0.000;19440.000;370.000;3.0248;80.915;105.723;9.000;9.000;2.089;0.000;1.814;0.276;0.000;0.000
142;0.6085;1.1655;1.5526;0.6895;0.7155;0.9298;1.5231;2.9207;81.425;105.379;13.000;0.000;0.000;0.000;0.000;0.000;0.000;0.000;3.3128;79.386;106.556;12.000;0.000;0.000;0.000;0.000;0.000;13722.000;0.000;3.3128;79.386;106.556;12.000;0.000;0.000;0.000;0.000;0.000;13722.000;0.000;3.0557;79.775;104.836;11.000;5.000;0.754;0.000;0.754;0.000;0.000;0.000
143;0.5716;1.3236;1.1121;1.3367;0.6192;1.9058;0.6203;2.9601;46.133;70.410;7.000;0.000;0.000;0.000;0.000;0.000;0.000;0.000;3.1809;45.284;71.372;7.000;0.000;0.000;0.000;0.000;0.000;8365.000;2806.000;2.9934;45.967;70.517;8.000;4.000;0.832;0.000;0.832;0.000;0.000;1051.000;2.9545;46.075;70.306;8.000;5.000;0.651;0.000;0.444;0.207;0.000;0.000
144;1.5678;0.5064;1.3557;0.7628;0.8449;1.6927;0.8627;2.9370;59.038;83.125;12.000;0.000;0.000;0.000;0.000;0.000;0.000;0.000;3.2126;57.661;84.009;12.000;0.000;0.000;0.000;0.000;0.000;12758.000;1868.000;3.2126;57.661;84.009;12.000;0.000;0.000;0.000;0.000;0.000;12758.000;1868.000;3.0549;58.110;83.164;12.000;8.000;0.974;0.000;0.720;0.254;0.000;0.000
145;1.0482;1.1750;0.5081;1.3039;1.8630;0.8726;1.6074;2.8863;83.248;106.920;13.000;0.000;0.000;0.000;0.000;0.000;0.000;0.000;3.2883;82.463;109.431;9.000;0.000;0.000;0.000;0.000;0.000;10018.000;0.000;2.9187;82.535;106.472;13.000;4.000;1.177;0.000;1.177;0.000;0.000;0.000;2.9315;82.635;106.677;12.000;3.000;0.345;0.000;0.345;0.000;0.000;0.000
146;0.6871;1.0659;0.7024;0.6669;1.2088;0.5202;1.9719;2.8199;96.948;120.075;15.000;0.000;0.000;0.000;0.000;0.000;0.000;0.000;2.8745;96.720;120.295;12.000;0.000;0.000;0.000;0.000;0.000;1377.000;0.000;2.8112;96.564;119.620;15.000;4.000;1.547;0.000;1.547;0.000;0.000;0.000;2.8285;96.688;119.885;15.000;3.000;0.225;0.000;0.225;0.000;0.000;0.000
147;1.3216;0.7260;1.1558;0.5396;1.2567;1.6096;1.5322;2.9758;87.193;111.598;15.000;0.000;0.000;0.000;0.000;0.000;0.000;0.000;3.6430;84.998;114.876;12.000;0.000;0.000;0.000;0.000;0.000;5326.000;4193.000;3.6430;84.998;114.876;12.000;0.000;0.000;0.000;0.000;0.000;5326.000;4193.000;3.1094;85.504;111.006;13.000;7.000;1.061;0.000;0.839;0.223;0.000;0.000
148;0.5979;0.6138;1.2452;0.7423;1.8144;1.1034;1.0919;2.9881;62.209;86.716;11.000;0.000;0.000;0.000;0.000;0.000;0.000;0.000;3.1589;61.220;87.127;8.000;0.000;0.000;0.000;0.000;0.000;8284.000;0.000;3.0685;61.538;86.704;10.000;4.000;0.425;0.000;0.425;0.000;0.000;0.000;3.0685;61.538;86.704;10.000;4.000;0.425;0.000;0.425;0.000;0.000;0.000
149;1.4329;1.7000;0.9486;1.0896;0.5568;1.8011;1.7277;2.9627;97.054;121.352;17.000;0.000;0.000;0.000;0.000;0.000;0.000;0.000;3.6408;94.848;124.707;10.000;0.000;0.000;0.000;0.000;0.000;14489.000;934.000;3.6408;94.848;124.707;10.000;0.000;0.000;0.000;0.000;0.000;14489.000;934.000;3.0525;95.654;120.689;13.000;6.000;0.834;0.000;0.647;0.188;0.000;0.000
150;0.5395;0.8139;1.7241;1.1276;0.7788;0.8159;1.2565;2.8661;68.942;92.448;13.000;0.000;0.000;0.000;0.000;0.000;0.000;0.000;3.0364;67.794;92.697;11.000;0.000;0.000;0.000;0.000;0.000;5038.000;0.000;3.0364;67.794;92.697;11.000;0.000;0.000;0.000;0.000;0.000;5038.000;0.000;2.9871;67.928;92.427;12.000;5.000;0.491;0.000;0.491;0.000;0.000;0.000
151;1.3000;0.6138;0.9292;1.5905;1.5881;1.3174;1.5335;2.9954;84.834;109.401;15.000;0.000;0.000;0.000;0.000;0.000;0.000;0.000;3.2944;82.950;109.969;11.000;0.000;0.000;0.000;0.000;0.000;4934.000;16.000;3.2944;82.950;109.969;11.000;0.000;0.000;0.000;0.000;0.000;4934.000;16.000;3.1427;83.096;108.870;12.000;6.000;0.849;0.000;0.641;0.208;0.000;0.000
152;1.2954;1.5941;0.8186;0.5518;0.5705;1.1385;0.5088;2.9403;37.129;61.243;7.000;0.000;0.000;0.000;0.000;0.000;0.000;0.000;3.1412;36.375;62.138;7.000;0.000;0.000;0.000;0.000;0.000;9282.000;0.000;3.1412;36.375;62.138;7.000;0.000;0.000;0.000;0.000;0.000;9282.000;0.000;3.0085;36.885;61.559;7.000;4.000;0.250;0.000;0.250;0.000;0.000;0.000
153;1.6044;0.6505;1.5515;0.8187;0.5796;0.8348;0.5063;2.8511;37.807;61.190;10.000;0.000;0.000;0.000;0.000;0.000;0.000;0.000;3.5767;36.100;65.434;6.000;0.000;0.000;0.000;0.000;0.000;25755.000;0.000;3.5767;36.100;65.434;6.000;0.000;0.000;0.000;0.000;0.000;25755.000;0.000;2.9024;37.458;61.261;10.000;8.000;1.497;0.000;1.497;0.000;0.000;0.000
154;0.6605;0.6124;1.9336;0.9115;1.0701;0.5404;0.5427;2.7527;36.158;58.735;8.000;0.000;0.000;0.000;0.000;0.000;0.000;0.000;3.0889;35.527;60.860;7.000;0.000;0.000;0.000;0.000;0.000;10364.000;0.000;3.0889;35.527;60.860;7.000;0.000;0.000;0.000;0.000;0.000;10364.000;0.000;2.7987;35.952;58.905;9.000;6.000;0.456;0.000;0.456;0.000;0.000;0.000
155;1.1510;0.7987;0.7545;0.6270;1.4305;1.8457;0.8338;2.9232;56.005;79.979;10.000;0.000;0.000;0.000;0.000;0.000;0.000;0.000;3.3723;54.649;82.307;9.000;0.000;0.000;0.000;0.000;0.000;6219.000;4108.000;3.1739;55.052;81.082;9.000;4.000;0.397;0.000;0.397;0.000;0.000;3789.000;3.0049;55.319;79.964;9.000;5.000;0.614;0.000;0.299;0.314;0.000;0.000
156;0.8423;0.7497;0.6373;0.7732;1.5619;0.5613;1.5577;2.8178;78.639;101.749;13.000;0.000;0.000;0.000;0.000;0.000;0.000;0.000;2.8741;78.418;101.990;10.000;0.000;0.000;0.000;0.000;0.000;607.000;0.000;2.8744;77.762;101.337;13.000;4.000;1.345;0.000;1.345;0.000;0.000;0.000;2.8445;78.390;101.719;12.000;3.000;0.254;0.000;0.254;0.000;0.000;0.000
157;0.5396;1.0537;1.4470;0.8003;1.6847;1.4387;1.2160;2.9680;70.643;94.985;12.000;0.000;0.000;0.000;0.000;0.000;0.000;0.000;3.4116;69.107;97.087;12.000;0.000;0.000;0.000;0.000;0.000;12831.000;2182.000;3.1902;69.665;95.829;12.000;4.000;0.072;0.000;0.072;0.000;0.000;4128.000;3.0558;69.870;94.932;12.000;5.000;0.763;0.000;0.514;0.249;0.000;0.000
158;0.8232;0.6039;1.1411;0.6636;1.6917;1.6916;0.9931;2.9453;62.300;86.455;11.000;0.000;0.000;0.000;0.000;0.000;0.000;0.000;3.2537;61.077;87.761;10.000;0.000;0.000;0.000;0.000;0.000;12915.000;3795.000;3.2815;61.812;88.725;11.000;4.000;0.237;0.000;0.237;0.000;0.000;4130.000;2.9600;62.079;86.356;10.000;5.000;0.855;0.000;0.584;0.271;0.000;0.000
159;1.3012;1.3698;0.8045;0.6186;0.9059;1.0047;1.3072;2.9527;72.022;96.238;12.000;0.000;0.000;0.000;0.000;0.000;0.000;0.000;3.1093;71.610;97.111;12.000;0.000;0.000;0.000;0.000;0.000;8539.000;0.000;3.1093;71.610;97.111;12.000;0.000;0.000;0.000;0.000;0.000;8539.000;0.000;2.9506;71.953;96.152;11.000;4.000;0.267;0.000;0.267;0.000;0.000;0.000
160;1.2909;0.5399;1.7950;0.6645;0.6913;0.5657;0.9946;2.7776;57.928;80.708;12.000;0.000;0.000;0.000;0.000;0.000;0.000;0.000;3.6108;56.783;86.397;6.000;0.000;0.000;0.000;0.000;0.000;21697.000;0.000;3.6108;56.783;86.397;6.000;0.000;0.000;0.000;0.000;0.000;21697.000;0.000;2.8154;57.565;80.655;12.000;8.000;1.650;0.000;1.650;0.000;0.000;0.000
161;1.8009;1.2529;0.9881;1.6455;1.8649;1.0884;1.5011;2.9464;83.289;107.453;15.000;0.000;0.000;0.000;0.000;0.000;0.000;0.000;3.1322;81.526;107.215;13.000;0.000;0.000;0.000;0.000;0.000;5587.000;0.000;3.1322;81.526;107.215;13.000;0.000;0.000;0.000;0.000;0.000;5587.000;0.000;3.0953;81.707;107.093;14.000;7.000;1.116;0.000;1.116;0.000;0.000;0.000
162;1.9528;0.5208;1.1252;1.2986;1.0636;0.7617;0.7242;2.8355;46.955;70.211;10.000;0.000;0.000;0.000;0.000;0.000;0.000;0.000;3.1312;45.789;71.470;10.000;0.000;0.000;0.000;0.000;0.000;21007.000;0.000;3.1312;45.789;71.470;10.000;0.000;0.000;0.000;0.000;0.000;21007.000;0.000;2.8510;46.685;70.067;12.000;8.000;1.744;0.000;1.744;0.000;0.000;0.000
163;1.7056;1.6952;0.6051;1.4031;1.3179;0.9486;0.8675;2.9045;52.550;76.370;10.000;0.000;0.000;0.000;0.000;0.000;0.000;0.000;2.9541;52.094;76.321;9.000;0.000;0.000;0.000;0.000;0.000;9021.000;0.000;2.9541;52.094;76.321;9.000;0.000;0.000;0.000;0.000;0.000;9021.000;0.000;2.9361;52.188;76.268;7.000;5.000;0.430;0.000;0.430;0.000;0.000;0.000
164;0.7836;1.3517;0.9362;1.2794;1.3176;1.9485;1.2897;2.9552;76.750;100.987;12.000;0.000;0.000;0.000;0.000;0.000;0.000;0.000;3.3974;75.330;103.194;11.000;0.000;0.000;0.000;0.000;0.000;2693.000;3233.000;3.3896;75.338;103.137;11.000;4.000;0.832;0.000;0.832;0.000;0.000;4149.000;3.0826;75.356;100.637;12.000;5.000;0.679;0.000;0.358;0.321;0.000;0.000
165;0.5578;0.6799;1.1309;0.5175;0.9375;0.7642;0.6408;2.8472;39.405;62.756;7.000;0.000;0.000;0.000;0.000;0.000;0.000;0.000;2.9815;38.668;63.121;6.000;0.000;0.000;0.000;0.000;0.000;11892.000;0.000;2.8901;39.098;62.801;7.000;4.000;0.795;0.000;0.795;0.000;0.000;0.000;2.8981;39.127;62.895;7.000;4.000;0.425;0.000;0.425;0.000;0.000;0.000
166;0.5326;0.5118;0.6328;1.8364;0.7872;1.8336;0.5729;2.8942;42.403;66.140;6.000;0.000;0.000;0.000;0.000;0.000;0.000;0.000;3.0948;42.089;67.470;6.000;0.000;0.000;0.000;0.000;0.000;2431.000;1522.000;2.9890;42.126;66.639;8.000;4.000;2.111;0.000;2.111;0.000;0.000;1330.000;2.9127;42.300;66.188;6.000;3.000;0.352;0.000;0.146;0.206;0.000;0.000
167;1.1551;1.0410;1.2055;1.6188;0.8584;1.2576;0.6702;2.9712;46.101;70.469;10.000;0.000;0.000;0.000;0.000;0.000;0.000;0.000;3.1668;45.050;71.022;8.000;0.000;0.000;0.000;0.000;0.000;13169.000;0.000;3.1668;45.050;71.022;8.000;0.000;0.000;0.000;0.000;0.000;13169.000;0.000;3.0182;45.817;70.571;9.000;6.000;0.745;0.000;0.546;0.200;0.000;0.000
168;1.4861;1.0489;0.5589;0.7505;0.6028;1.4048;0.8752;2.9748;55.275;79.673;10.000;0.000;0.000;0.000;0.000;0.000;0.000;0.000;3.0791;54.962;80.216;10.000;0.000;0.000;0.000;0.000;0.000;1965.000;2506.000;3.0791;54.962;80.216;10.000;0.000;0.000;0.000;0.000;0.000;1965.000;2506.000;2.9797;55.191;79.629;10.000;5.000;0.685;0.000;0.437;0.248;0.000;0.000
169;1.0329;1.1639;0.8383;1.9614;1.4201;1.2286;0.6173;3.0166;42.104;66.844;8.000;0.000;0.000;0.000;0.000;0.000;0.000;0.000;3.0674;41.950;67.107;7.000;0.000;0.000;0.000;0.000;0.000;2441.000;0.000;3.1497;41.938;67.770;7.000;4.000;0.377;0.000;0.377;0.000;0.000;1886.000;3.0113;42.029;66.726;8.000;5.000;0.497;0.000;0.377;0.120;0.000;0.000
170;0.8362;0.8458;1.3264;0.5597;0.6071;1.5034;0.8495;2.9616;55.134;79.424;10.000;0.000;0.000;0.000;0.000;0.000;0.000;0.000;3.3374;53.335;80.706;9.000;0.000;0.000;0.000;0.000;0.000;13028.000;2753.000;3.3374;53.335;80.706;9.000;0.000;0.000;0.000;0.000;0.000;13028.000;2753.000;3.0684;54.300;79.466;10.000;6.000;0.909;0.000;0.780;0.128;0.000;0.000
171;0.7572;0.5784;0.5622;0.8938;0.9460;1.9183;1.2560;2.9417;73.785;97.911;11.000;0.000;0.000;0.000;0.000;0.000;0.000;0.000;3.0786;72.774;98.023;9.000;0.000;0.000;0.000;0.000;0.000;1151.000;303.000;3.0722;72.604;97.801;12.000;4.000;1.761;0.000;1.761;0.000;0.000;691.000;3.0442;72.797;97.764;11.000;4.000;0.419;0.000;0.199;0.219;0.000;0.000
172;0.6802;1.2892;0.5089;1.4036;0.7713;1.2824;1.8800;3.0116;97.297;121.996;15.000;0.000;0.000;0.000;0.000;0.000;0.000;0.000;3.4537;94.609;122.935;12.000;0.000;0.000;0.000;0.000;0.000;3260.000;985.000;3.4277;94.455;122.567;14.000;4.000;2.059;0.000;2.059;0.000;0.000;2811.000;3.2126;94.715;121.063;12.000;3.000;0.352;0.000;0.096;0.256;0.000;0.000
173;1.9700;1.0793;0.5508;0.5447;0.7283;0.5698;0.7452;2.7805;45.094;67.899;9.000;0.000;0.000;0.000;0.000;0.000;0.000;0.000;2.9095;44.790;68.652;9.000;0.000;0.000;0.000;0.000;0.000;4546.000;0.000;2.9095;44.790;68.652;9.000;0.000;0.000;0.000;0.000;0.000;4546.000;0.000;2.8131;44.861;67.932;10.000;6.000;0.736;0.000;0.736;0.000;0.000;0.000
174;1.7067;0.7657;0.7894;1.5823;1.4358;0.7820;1.0033;2.8454;58.074;81.411;11.000;0.000;0.000;0.000;0.000;0.000;0.000;0.000;2.9217;57.704;81.666;11.000;0.000;0.000;0.000;0.000;0.000;2561.000;0.000;2.9217;57.704;81.666;11.000;0.000;0.000;0.000;0.000;0.000;2561.000;0.000;2.8927;57.682;81.407;6.000;6.000;0.797;0.000;0.797;0.000;0.000;0.000
175;1.0869;1.3620;0.6020;1.4210;0.5720;1.1284;1.8537;2.9807;96.320;120.766;14.000;0.000;0.000;0.000;0.000;0.000;0.000;0.000;3.3635;93.628;121.214;12.000;0.000;0.000;0.000;0.000;0.000;11820.000;0.000;3.1620;93.897;119.830;13.000;4.000;0.845;0.000;0.845;0.000;0.000;0.000;3.1712;93.935;119.944;13.000;4.000;0.468;0.000;0.468;0.000;0.000;0.000
176;0.6341;1.4632;0.8602;0.6906;1.0192;0.6512;0.9269;2.8256;50.942;74.116;8.000;0.000;0.000;0.000;0.000;0.000;0.000;0.000;2.9794;50.682;75.117;7.000;0.000;0.000;0.000;0.000;0.000;3271.000;0.000;2.8471;50.672;74.022;9.000;4.000;1.275;0.000;1.275;0.000;0.000;0.000;2.8636;50.751;74.237;8.000;3.000;0.206;0.000;0.206;0.000;0.000;0.000
177;1.1265;1.4556;1.5454;1.7133;0.9810;1.7764;1.7318;2.9661;98.004;122.330;18.000;0.000;0.000;0.000;0.000;0.000;0.000;0.000;3.5272;95.589;124.517;14.000;0.000;0.000;0.000;0.000;0.000;13523.000;2356.000;3.5272;95.589;124.517;14.000;0.000;0.000;0.000;0.000;0.000;13523.000;2356.000;3.0441;96.500;121.466;15.000;8.000;1.590;0.000;1.378;0.212;0.000;0.000
178;0.9845;0.5820;0.8289;1.4060;1.0874;0.6482;1.6498;2.8148;84.527;107.612;14.000;0.000;0.000;0.000;0.000;0.000;0.000;0.000;3.0748;83.370;108.587;12.000;0.000;0.000;0.000;0.000;0.000;10337.000;0.000;2.8833;83.523;107.170;13.000;4.000;0.511;0.000;0.511;0.000;0.000;0.000;2.8833;83.523;107.170;13.000;4.000;0.511;0.000;0.511;0.000;0.000;0.000
179;1.2242;0.5975;1.5586;1.0205;0.8208;1.0334;1.0573;2.9485;62.856;87.037;12.000;0.000;0.000;0.000;0.000;0.000;0.000;0.000;3.0695;62.028;87.203;7.000;0.000;0.000;0.000;0.000;0.000;5231.000;0.000;3.0695;62.028;87.203;7.000;0.000;0.000;0.000;0.000;0.000;5231.000;0.000;3.0105;62.217;86.907;13.000;7.000;1.086;0.000;1.086;0.000;0.000;0.000
180;1.9401;1.2916;0.7307;0.8914;0.5839;0.8178;1.5313;2.8680;82.402;105.924;15.000;0.000;0.000;0.000;0.000;0.000;0.000;0.000;3.4745;80.160;108.656;11.000;0.000;0.000;0.000;0.000;0.000;15397.000;0.000;3.4745;80.160;108.656;11.000;0.000;0.000;0.000;0.000;0.000;15397.000;0.000;3.0249;80.628;105.436;13.000;6.000;1.241;0.000;1.241;0.000;0.000;0.000
181;0.8757;1.5361;0.7737;1.1859;0.5537;0.6017;0.8812;2.7905;49.190;72.076;8.000;0.000;0.000;0.000;0.000;0.000;0.000;0.000;2.8719;48.851;72.404;8.000;0.000;0.000;0.000;0.000;0.000;8340.000;0.000;2.7976;49.017;71.961;9.000;4.000;0.910;0.000;0.910;0.000;0.000;0.000;2.8042;49.103;72.102;8.000;3.000;0.208;0.000;0.208;0.000;0.000;0.000
182;1.7820;1.3416;0.6786;0.7553;0.5321;1.2166;1.8589;3.0055;99.047;123.696;16.000;0.000;0.000;0.000;0.000;0.000;0.000;0.000;3.2842;96.334;123.269;14.000;0.000;0.000;0.000;0.000;0.000;8159.000;0.000;3.2842;96.334;123.269;14.000;0.000;0.000;0.000;0.000;0.000;8159.000;0.000;3.2099;96.622;122.947;14.000;6.000;0.927;0.000;0.927;0.000;0.000;0.000
183;1.2180;1.4249;0.8465;1.4744;0.9858;1.3384;0.7157;2.9700;47.879;72.237;9.000;0.000;0.000;0.000;0.000;0.000;0.000;0.000;3.2820;47.387;74.304;5.000;0.000;0.000;0.000;0.000;0.000;4506.000;3132.000;3.2820;47.387;74.304;5.000;0.000;0.000;0.000;0.000;0.000;4506.000;3132.000;2.9765;47.824;72.236;9.000;5.000;0.460;0.000;0.371;0.089;0.000;0.000
184;1.3282;0.6913;0.7964;0.7417;0.9175;0.6741;1.1553;2.8075;63.260;86.286;11.000;0.000;0.000;0.000;0.000;0.000;0.000;0.000;3.0286;62.476;87.315;11.000;0.000;0.000;0.000;0.000;0.000;10025.000;0.000;3.0286;62.476;87.315;11.000;0.000;0.000;0.000;0.000;0.000;10025.000;0.000;2.8663;62.823;86.330;11.000;4.000;0.222;0.000;0.222;0.000;0.000;0.000
185;1.2237;0.6856;1.4574;1.2555;1.8875;1.6600;1.8574;2.9721;102.769;127.144;18.000;0.000;0.000;0.000;0.000;0.000;0.000;0.000;3.5332;99.183;128.160;15.000;0.000;0.000;0.000;0.000;0.000;15694.000;4288.000;3.5332;99.183;128.160;15.000;0.000;0.000;0.000;0.000;0.000;15694.000;4288.000;3.1291;100.308;125.971;16.000;8.000;1.725;0.000;1.370;0.355;0.000;0.000
186;1.7948;1.7559;1.9554;1.8801;0.8197;0.6008;1.8156;2.8052;96.833;119.840;19.000;0.000;0.000;0.000;0.000;0.000;0.000;0.000;3.0295;94.465;119.311;16.000;0.000;0.000;0.000;0.000;0.000;4470.000;0.000;3.0295;94.465;119.311;16.000;0.000;0.000;0.000;0.000;0.000;4470.000;0.000;2.9809;94.513;118.961;9.000;9.000;1.734;0.000;1.734;0.000;0.000;0.000
187;0.7714;1.6597;1.9877;1.1829;0.7438;1.2553;1.6132;3.0124;89.439;114.145;17.000;0.000;0.000;0.000;0.000;0.000;0.000;0.000;3.1498;88.354;114.187;14.000;0.000;0.000;0.000;0.000;0.000;8831.000;0.000;3.1498;88.354;114.187;14.000;0.000;0.000;0.000;0.000;0.000;8831.000;0.000;3.0490;88.738;113.744;15.000;8.000;1.208;0.000;1.116;0.092;0.000;0.000
188;0.6331;1.6866;1.3542;1.7980;0.8076;1.7663;0.6454;2.9378;47.323;71.417;9.000;0.000;0.000;0.000;0.000;0.000;0.000;0.000;3.4822;45.971;74.530;7.000;0.000;0.000;0.000;0.000;0.000;12924.000;2792.000;3.0025;46.988;71.613;8.000;4.000;0.070;0.000;0.070;0.000;0.000;471.000;2.9764;46.989;71.400;8.000;5.000;0.766;0.000;0.515;0.251;0.000;0.000
189;1.3682;1.8174;1.0751;0.6161;1.8960;1.1286;0.7324;2.9471;48.011;72.182;9.000;0.000;0.000;0.000;0.000;0.000;0.000;0.000;3.4102;46.821;74.789;8.000;0.000;0.000;0.000;0.000;0.000;20943.000;0.000;3.4102;46.821;74.789;8.000;0.000;0.000;0.000;0.000;0.000;20943.000;0.000;2.9791;47.816;72.249;10.000;6.000;0.926;0.000;0.926;0.000;0.000;0.000
190;1.7892;1.5725;1.8362;1.2262;0.6772;1.1460;1.0113;2.9716;63.947;88.318;14.000;0.000;0.000;0.000;0.000;0.000;0.000;0.000;3.3615;61.719;89.289;13.000;0.000;0.000;0.000;0.000;0.000;27700.000;0.000;3.3615;61.719;89.289;13.000;0.000;0.000;0.000;0.000;0.000;27700.000;0.000;3.0127;63.455;88.164;14.000;9.000;2.085;0.000;2.085;0.000;0.000;0.000
191;1.0107;0.5100;0.7143;0.7263;0.5649;0.8452;0.9314;2.8920;52.981;76.699;8.000;0.000;0.000;0.000;0.000;0.000;0.000;0.000;2.9671;52.745;77.079;8.000;0.000;0.000;0.000;0.000;0.000;1986.000;0.000;2.9187;52.696;76.633;9.000;4.000;0.744;0.000;0.744;0.000;0.000;0.000;2.9255;52.739;76.732;8.000;4.000;0.353;0.000;0.353;0.000;0.000;0.000
192;1.2941;1.0276;0.9379;0.6123;0.6936;0.7795;0.6143;2.8600;39.701;63.157;8.000;0.000;0.000;0.000;0.000;0.000;0.000;0.000;2.8806;39.608;63.233;7.000;0.000;0.000;0.000;0.000;0.000;1798.000;0.000;2.8806;39.608;63.233;7.000;0.000;0.000;0.000;0.000;0.000;1798.000;0.000;2.8641;39.597;63.086;8.000;5.000;0.610;0.000;0.610;0.000;0.000;0.000
193;0.7142;0.8756;0.6884;0.7122;1.4818;0.8267;0.8496;2.8572;48.564;71.997;8.000;0.000;0.000;0.000;0.000;0.000;0.000;0.000;3.0030;47.699;72.328;7.000;0.000;0.000;0.000;0.000;0.000;2889.000;0.000;2.9619;47.657;71.948;8.000;4.000;1.524;0.000;1.524;0.000;0.000;0.000;2.9769;47.761;72.175;6.000;3.000;0.197;0.000;0.197;0.000;0.000;0.000
194;1.4786;1.4504;1.3498;1.1193;0.5458;1.6472;1.1924;2.9373;73.329;97.419;14.000;0.000;0.000;0.000;0.000;0.000;0.000;0.000;3.3185;72.093;99.310;13.000;0.000;0.000;0.000;0.000;0.000;6051.000;2612.000;3.3185;72.093;99.310;13.000;0.000;0.000;0.000;0.000;0.000;6051.000;2612.000;3.0162;72.599;97.337;8.000;8.000;1.165;0.000;0.976;0.189;0.000;0.000
195;1.8412;0.6427;0.5880;1.7462;0.7741;1.8915;1.4266;2.9403;84.350;108.464;15.000;0.000;0.000;0.000;0.000;0.000;0.000;0.000;3.4531;82.316;110.636;12.000;0.000;0.000;0.000;0.000;0.000;15108.000;3726.000;3.4531;82.316;110.636;12.000;0.000;0.000;0.000;0.000;0.000;15108.000;3726.000;3.0170;83.375;108.118;13.000;7.000;1.255;0.000;1.020;0.235;0.000;0.000
196;0.6830;1.1918;0.8026;1.5592;1.2197;1.3744;0.7436;2.9729;47.815;72.197;8.000;0.000;0.000;0.000;0.000;0.000;0.000;0.000;3.1346;47.230;72.939;8.000;0.000;0.000;0.000;0.000;0.000;5469.000;3265.000;3.0841;47.380;72.674;5.000;4.000;1.321;0.000;1.321;0.000;0.000;3136.000;2.9857;47.620;72.106;7.000;4.000;0.522;0.000;0.244;0.278;0.000;0.000
197;0.5155;0.8866;1.3508;1.7713;0.7663;0.9447;1.6973;2.9147;88.484;112.389;14.000;0.000;0.000;0.000;0.000;0.000;0.000;0.000;3.0306;87.315;112.170;13.000;0.000;0.000;0.000;0.000;0.000;2609.000;0.000;3.0018;87.364;111.984;13.000;4.000;0.356;0.000;0.356;0.000;0.000;0.000;3.0018;87.364;111.984;13.000;4.000;0.356;0.000;0.356;0.000;0.000;0.000
198;0.7082;1.2855;1.7014;1.1981;0.5870;1.2350;0.5297;2.9809;39.739;64.186;8.000;0.000;0.000;0.000;0.000;0.000;0.000;0.000;3.2549;38.519;65.214;6.000;0.000;0.000;0.000;0.000;0.000;17774.000;0.000;3.2549;38.519;65.214;6.000;0.000;0.000;0.000;0.000;0.000;17774.000;0.000;2.9790;39.612;64.044;10.000;7.000;1.188;0.000;0.971;0.217;0.000;0.000
199;0.7389;1.7037;1.3459;0.6737;1.3044;1.1074;1.5348;2.9685;82.881;107.227;13.000;0.000;0.000;0.000;0.000;0.000;0.000;0.000;3.3154;80.940;108.132;12.000;0.000;0.000;0.000;0.000;0.000;7171.000;0.000;3.3154;80.940;108.132;12.000;0.000;0.000;0.000;0.000;0.000;7171.000;0.000;3.1305;81.222;106.897;11.000;4.000;0.294;0.000;0.294;0.000;0.000;0.000

## Cout total (kEUR) a C_visite = 0.5 kEUR/intervention
policy;mean;std;P5;P50;P95;CVaR90;LPSP_mean;nint_mean;waste_mean;outage_h_mean
instant;95.143;20.776;65.650;93.167;130.399;131.952;2.9146;11.62;0.000;0
corrective;95.547;20.434;66.112;93.434;130.269;131.581;3.2071;9.88;0.000;10088
calendar;95.765;20.508;66.703;93.898;131.522;132.293;3.1478;10.36;0.389;7220
rul;95.216;20.279;65.935;93.870;129.213;131.092;2.9761;10.64;0.741;0
# differences appariees CRN (negatif = 1er gagne)
paire;mean;std;P5;P95;pct_gagne
rul - corrective;-0.331;1.158;-2.439;1.496;61.5%
rul - calendar;-0.549;1.352;-2.762;1.544;63.0%
calendar - corrective;0.219;0.916;-0.878;2.196;12.5%
rul - instant;0.073;1.011;-1.822;1.581;41.5%

## Cout total (kEUR) a C_visite = 1.5 kEUR/intervention
policy;mean;std;P5;P50;P95;CVaR90;LPSP_mean;nint_mean;waste_mean;outage_h_mean
instant;106.763;23.711;73.226;105.313;147.729;148.790;2.9146;11.62;0.000;0
corrective;105.427;22.693;72.625;103.754;143.592;144.881;3.2071;9.88;0.000;10088
calendar;106.120;22.921;73.139;105.525;145.522;146.352;3.1478;10.36;0.389;7220
rul;105.856;22.533;73.323;105.388;144.887;145.892;2.9761;10.64;0.741;0
# differences appariees CRN (negatif = 1er gagne)
paire;mean;std;P5;P95;pct_gagne
rul - corrective;0.429;2.861;-4.500;4.915;37.0%
rul - calendar;-0.264;3.289;-6.187;5.078;48.5%
calendar - corrective;0.694;1.694;-0.845;4.338;7.0%
rul - instant;-0.907;2.642;-5.925;2.565;56.0%

## Cout total (kEUR) a C_visite = 3.0 kEUR/intervention
policy;mean;std;P5;P50;P95;CVaR90;LPSP_mean;nint_mean;waste_mean;outage_h_mean
instant;124.193;28.177;83.726;123.167;172.849;174.199;2.9146;11.62;0.000;0
corrective;120.247;26.237;83.125;120.162;165.270;165.106;3.2071;9.88;0.000;10088
calendar;121.653;26.678;83.022;121.131;166.184;167.717;3.1478;10.36;0.389;7220
rul;121.816;26.090;84.296;121.844;166.853;168.219;2.9761;10.64;0.741;0
# differences appariees CRN (negatif = 1er gagne)
paire;mean;std;P5;P95;pct_gagne
rul - corrective;1.569;5.871;-8.861;11.551;34.5%
rul - calendar;0.163;6.537;-11.643;11.743;47.5%
calendar - corrective;1.406;3.296;-0.310;7.920;6.0%
rul - instant;-2.377;5.176;-12.000;4.065;56.5%
