# Valeur de la RUL -- maintenance insulaire (fenetres de visite + cout fixe)
# horizon=25 ans | N_MC=200 | mult U_log[0.50,2.00] | seed=2026 | VoLL=3.0 | Tvisite=12m | marge=1 | prev=fc+ely
# strategie de conduite FIXE : RB2(SoH) ; politiques : ['instant', 'corrective', 'calendar', 'rul']
# ages calendaires de ref (nominal x 1.00) : {'bat': 3.89, 'fc': 5.52, 'ely': None}
# cout total = uni0 + C_visite*n_interventions + gaspillage ; C_visite en post-proc
# TEST NUL instant==base : OK (ecart 0.000e+00 kEUR)

## Points nominaux (multiplicateurs = 1)
policy;lpsp;deg;uni0;nint;nprev;waste;wbat;wfc;wely;outfc;outely
instant;2.9099;58.024;81.889;10.000;0.000;0.000;0.000;0.000;0.000;0.000;0.000
corrective;3.3164;57.119;84.319;8.000;0.000;0.000;0.000;0.000;0.000;16358.000;0.000
calendar;2.9512;57.740;81.944;9.000;4.000;0.499;0.000;0.499;0.000;0.000;0.000
rul;2.9512;57.740;81.944;9.000;4.000;0.499;0.000;0.499;0.000;0.000;0.000

## Tirages (mondes perturbes, 200 complets)
draw;m_fc_a;m_fc_b;m_fc_s;m_ely_a;m_ely_b;m_ely_s;m_bat;instant_lpsp;instant_deg;instant_uni0;instant_nint;instant_nprev;instant_waste;instant_wbat;instant_wfc;instant_wely;instant_outfc;instant_outely;corrective_lpsp;corrective_deg;corrective_uni0;corrective_nint;corrective_nprev;corrective_waste;corrective_wbat;corrective_wfc;corrective_wely;corrective_outfc;corrective_outely;calendar_lpsp;calendar_deg;calendar_uni0;calendar_nint;calendar_nprev;calendar_waste;calendar_wbat;calendar_wfc;calendar_wely;calendar_outfc;calendar_outely;rul_lpsp;rul_deg;rul_uni0;rul_nint;rul_nprev;rul_waste;rul_wbat;rul_wfc;rul_wely;rul_outfc;rul_outely
0;0.6408;1.2140;0.9556;0.8357;0.8178;1.4959;1.7536;2.9521;94.154;118.365;15.000;0.000;0.000;0.000;0.000;0.000;0.000;0.000;3.5225;90.222;119.112;11.000;0.000;0.000;0.000;0.000;0.000;1550.000;5151.000;3.5322;90.118;119.087;12.000;4.000;1.397;0.000;1.397;0.000;0.000;6372.000;3.3833;90.461;118.209;10.000;1.000;0.197;0.000;0.000;0.197;1550.000;0.000
1;0.6394;1.2359;0.7561;1.9105;1.7897;1.2073;1.4196;3.0084;76.774;101.447;12.000;0.000;0.000;0.000;0.000;0.000;0.000;0.000;3.0960;75.966;101.358;10.000;0.000;0.000;0.000;0.000;0.000;1593.000;0.000;3.0814;75.885;101.157;11.000;4.000;1.844;0.000;1.844;0.000;0.000;0.000;3.0960;75.966;101.358;10.000;0.000;0.000;0.000;0.000;0.000;1593.000;0.000
2;1.0212;1.5711;0.9309;0.7998;0.7350;0.6843;1.0364;2.8267;57.482;80.665;10.000;0.000;0.000;0.000;0.000;0.000;0.000;0.000;3.1668;56.631;82.604;8.000;0.000;0.000;0.000;0.000;0.000;12416.000;0.000;2.8890;56.966;80.661;9.000;4.000;0.602;0.000;0.602;0.000;0.000;0.000;2.8890;56.966;80.661;9.000;4.000;0.602;0.000;0.602;0.000;0.000;0.000
3;0.9087;1.2538;0.5090;0.9301;0.8295;0.6556;1.1406;2.8093;60.548;83.589;10.000;0.000;0.000;0.000;0.000;0.000;0.000;0.000;3.1807;59.176;85.262;6.000;0.000;0.000;0.000;0.000;0.000;5217.000;0.000;2.9591;59.137;83.406;9.000;4.000;1.829;0.000;1.829;0.000;0.000;0.000;2.9685;59.244;83.590;9.000;3.000;0.409;0.000;0.409;0.000;0.000;0.000
4;0.9142;0.7578;0.6684;1.6809;1.5104;1.1594;0.8068;2.9652;49.382;73.701;8.000;0.000;0.000;0.000;0.000;0.000;0.000;0.000;3.0938;48.581;73.955;7.000;0.000;0.000;0.000;0.000;0.000;8508.000;0.000;3.0371;48.884;73.793;4.000;4.000;1.460;0.000;1.460;0.000;0.000;0.000;3.0408;49.020;73.959;7.000;1.000;0.009;0.000;0.009;0.000;113.000;0.000
5;1.8579;1.0918;0.9110;1.7422;0.7785;1.3122;0.7725;3.0073;51.956;76.620;11.000;0.000;0.000;0.000;0.000;0.000;0.000;0.000;3.6280;50.587;80.342;6.000;0.000;0.000;0.000;0.000;0.000;17072.000;0.000;3.6280;50.587;80.342;6.000;0.000;0.000;0.000;0.000;0.000;17072.000;0.000;3.1596;51.156;77.069;9.000;4.000;0.264;0.000;0.043;0.222;105.000;0.000
6;0.7185;1.3210;0.6858;0.9905;1.1173;0.6497;1.3779;2.8130;71.054;94.124;11.000;0.000;0.000;0.000;0.000;0.000;0.000;0.000;2.9355;70.512;94.587;10.000;0.000;0.000;0.000;0.000;0.000;3515.000;0.000;2.8692;70.423;93.954;11.000;4.000;1.828;0.000;1.828;0.000;0.000;0.000;2.8780;70.515;94.119;10.000;3.000;0.429;0.000;0.429;0.000;0.000;0.000
7;1.0695;1.1835;0.8376;0.8953;0.9929;0.9592;1.2757;2.9064;69.809;93.645;12.000;0.000;0.000;0.000;0.000;0.000;0.000;0.000;3.4154;67.231;95.242;8.000;0.000;0.000;0.000;0.000;0.000;6690.000;0.000;3.2320;67.433;93.939;9.000;4.000;0.717;0.000;0.717;0.000;0.000;0.000;3.2320;67.433;93.939;9.000;4.000;0.717;0.000;0.717;0.000;0.000;0.000
8;1.1129;0.8904;0.5013;1.5032;1.0272;0.7863;0.9999;2.8355;55.592;78.847;9.000;0.000;0.000;0.000;0.000;0.000;0.000;0.000;2.9147;55.218;79.122;9.000;0.000;0.000;0.000;0.000;0.000;3545.000;0.000;2.8736;55.194;78.762;9.000;4.000;1.406;0.000;1.406;0.000;0.000;0.000;2.8891;55.277;78.972;8.000;3.000;0.501;0.000;0.501;0.000;906.000;0.000
9;0.5692;1.7525;1.9717;0.5424;0.8216;1.3757;0.7730;3.0136;51.619;76.335;10.000;0.000;0.000;0.000;0.000;0.000;0.000;0.000;4.2103;49.782;84.312;4.000;0.000;0.000;0.000;0.000;0.000;28839.000;0.000;4.2103;49.782;84.312;4.000;0.000;0.000;0.000;0.000;0.000;28839.000;0.000;3.1733;50.807;76.832;9.000;7.000;0.658;0.000;0.609;0.049;0.000;0.000
10;1.0974;0.8908;1.4625;1.8881;1.7133;1.1825;0.6244;3.0115;43.905;68.603;9.000;0.000;0.000;0.000;0.000;0.000;0.000;0.000;3.6603;41.779;71.799;7.000;0.000;0.000;0.000;0.000;0.000;29393.000;0.000;3.6603;41.779;71.799;7.000;0.000;0.000;0.000;0.000;0.000;29393.000;0.000;3.0694;43.662;68.836;9.000;6.000;0.592;0.000;0.592;0.000;0.000;0.000
11;1.8585;0.5167;0.7555;0.7388;1.2690;0.9826;0.5687;2.8921;40.134;63.853;8.000;0.000;0.000;0.000;0.000;0.000;0.000;0.000;3.4975;38.331;67.015;7.000;0.000;0.000;0.000;0.000;0.000;32490.000;0.000;3.4975;38.331;67.015;7.000;0.000;0.000;0.000;0.000;0.000;32490.000;0.000;2.9138;40.013;63.910;9.000;6.000;0.483;0.000;0.483;0.000;0.000;0.000
12;0.5090;1.1556;0.9883;1.1509;1.0928;1.7182;1.7861;2.9592;96.978;121.247;15.000;0.000;0.000;0.000;0.000;0.000;0.000;0.000;3.9251;92.255;124.446;11.000;0.000;0.000;0.000;0.000;0.000;13852.000;2085.000;3.4643;92.710;121.123;12.000;4.000;1.666;0.000;1.666;0.000;0.000;3357.000;3.3793;92.955;120.670;10.000;4.000;0.525;0.000;0.208;0.317;0.000;0.000
13;0.6491;1.8458;1.4901;1.2126;1.2477;1.0659;1.7833;2.9399;94.081;118.192;15.000;0.000;0.000;0.000;0.000;0.000;0.000;0.000;4.8454;88.860;128.599;8.000;0.000;0.000;0.000;0.000;0.000;29604.000;0.000;3.3792;90.122;117.836;11.000;4.000;0.166;0.000;0.166;0.000;0.000;0.000;3.3792;90.122;117.836;11.000;4.000;0.166;0.000;0.166;0.000;0.000;0.000
14;0.6909;1.1476;1.5459;0.6027;1.1737;0.8740;1.4460;2.8815;77.875;101.507;14.000;0.000;0.000;0.000;0.000;0.000;0.000;0.000;3.0227;76.730;101.520;11.000;0.000;0.000;0.000;0.000;0.000;2610.000;0.000;3.0227;76.730;101.520;11.000;0.000;0.000;0.000;0.000;0.000;2610.000;0.000;3.0292;76.711;101.554;11.000;1.000;0.236;0.000;0.236;0.000;2101.000;0.000
15;0.5492;1.1596;1.6405;1.1947;0.7806;1.2411;0.7990;3.0288;51.163;76.004;10.000;0.000;0.000;0.000;0.000;0.000;0.000;0.000;3.4406;48.922;77.139;8.000;0.000;0.000;0.000;0.000;0.000;33307.000;0.000;3.0962;50.856;76.249;4.000;4.000;0.062;0.000;0.062;0.000;0.000;637.000;3.0962;50.856;76.249;4.000;4.000;0.062;0.000;0.062;0.000;0.000;637.000
16;1.2633;0.5974;0.7371;0.5232;0.5617;1.0789;0.6894;2.9355;44.559;68.635;8.000;0.000;0.000;0.000;0.000;0.000;0.000;0.000;3.6185;43.437;73.114;4.000;0.000;0.000;0.000;0.000;0.000;15761.000;0.000;2.9998;44.146;68.749;8.000;4.000;0.519;0.000;0.519;0.000;0.000;0.000;2.9998;44.146;68.749;8.000;4.000;0.519;0.000;0.519;0.000;0.000;0.000
17;1.0225;1.2476;1.6963;0.8180;0.7777;0.7724;0.5887;2.8427;39.929;63.243;9.000;0.000;0.000;0.000;0.000;0.000;0.000;0.000;3.5522;37.760;66.893;7.000;0.000;0.000;0.000;0.000;0.000;41184.000;0.000;3.5522;37.760;66.893;7.000;0.000;0.000;0.000;0.000;0.000;41184.000;0.000;2.8799;39.797;63.416;9.000;6.000;0.132;0.000;0.132;0.000;0.000;0.000
18;1.2539;1.5576;0.9633;1.0842;1.8881;1.3175;1.4045;3.0201;78.796;103.565;14.000;0.000;0.000;0.000;0.000;0.000;0.000;0.000;3.4506;77.625;105.924;10.000;0.000;0.000;0.000;0.000;0.000;8929.000;2675.000;3.2739;78.105;104.956;11.000;1.000;0.007;0.000;0.007;0.000;435.000;2244.000;3.0650;78.227;103.365;12.000;2.000;0.322;0.000;0.007;0.314;435.000;0.000
19;1.7159;0.6744;1.2314;1.3517;1.6071;0.8053;1.2992;2.8901;72.621;96.325;14.000;0.000;0.000;0.000;0.000;0.000;0.000;0.000;3.4541;70.757;99.086;9.000;0.000;0.000;0.000;0.000;0.000;12661.000;0.000;3.4541;70.757;99.086;9.000;0.000;0.000;0.000;0.000;0.000;12661.000;0.000;3.1255;70.530;96.163;10.000;8.000;2.083;0.000;2.083;0.000;0.000;0.000
20;1.1557;0.8819;0.5757;0.8157;1.9013;0.6750;0.5853;2.8179;36.520;59.631;6.000;0.000;0.000;0.000;0.000;0.000;0.000;0.000;3.5654;35.834;65.076;3.000;0.000;0.000;0.000;0.000;0.000;15898.000;0.000;2.8352;36.276;59.529;7.000;4.000;1.134;0.000;1.134;0.000;0.000;0.000;2.8377;36.358;59.630;7.000;4.000;0.338;0.000;0.338;0.000;0.000;0.000
21;0.8324;0.5751;0.7242;1.7763;0.7779;1.1264;0.6962;2.9427;44.220;68.354;7.000;0.000;0.000;0.000;0.000;0.000;0.000;0.000;3.5151;42.622;71.451;6.000;0.000;0.000;0.000;0.000;0.000;22809.000;0.000;3.0214;43.660;68.440;8.000;4.000;1.509;0.000;1.509;0.000;0.000;0.000;3.0351;43.779;68.671;7.000;3.000;0.074;0.000;0.074;0.000;0.000;0.000
22;1.2622;0.5968;1.4945;0.8987;0.6450;1.4305;1.0782;3.0062;66.354;91.009;13.000;0.000;0.000;0.000;0.000;0.000;0.000;0.000;3.8028;62.960;94.148;9.000;0.000;0.000;0.000;0.000;0.000;42553.000;0.000;3.8028;62.960;94.148;9.000;0.000;0.000;0.000;0.000;0.000;42553.000;0.000;3.0909;65.724;91.073;7.000;7.000;0.118;0.000;0.066;0.052;0.000;0.000
23;0.9178;0.6980;1.4771;0.8296;0.5308;1.9063;0.5216;2.9164;43.737;67.655;9.000;0.000;0.000;0.000;0.000;0.000;0.000;0.000;3.4329;41.637;69.792;8.000;0.000;0.000;0.000;0.000;0.000;13228.000;8317.000;3.3959;41.648;69.498;8.000;1.000;0.159;0.000;0.159;0.000;12983.000;8317.000;3.0077;43.303;67.971;7.000;7.000;1.036;0.000;1.028;0.008;0.000;0.000
24;0.5909;0.9537;0.6670;0.7957;1.0982;1.8865;1.8310;2.9277;99.339;123.350;14.000;0.000;0.000;0.000;0.000;0.000;0.000;0.000;4.2276;94.321;128.993;9.000;0.000;0.000;0.000;0.000;0.000;6513.000;5420.000;4.2236;94.393;129.032;11.000;4.000;2.259;0.000;2.259;0.000;0.000;7169.000;3.4292;94.958;123.082;11.000;4.000;0.461;0.000;0.359;0.102;0.000;0.000
25;0.5539;1.6320;0.6310;1.5399;0.7540;1.3525;1.3543;2.9987;74.320;98.913;11.000;0.000;0.000;0.000;0.000;0.000;0.000;0.000;3.3776;73.181;100.882;10.000;0.000;0.000;0.000;0.000;0.000;11815.000;7187.000;3.6500;73.390;103.326;11.000;4.000;2.302;0.000;2.302;0.000;0.000;8608.000;3.0637;73.870;98.997;9.000;2.000;0.101;0.000;0.101;0.000;0.000;497.000
26;1.6257;1.9443;0.7325;1.1947;1.3933;0.5584;1.2535;2.8012;67.369;90.343;13.000;0.000;0.000;0.000;0.000;0.000;0.000;0.000;3.3711;64.902;92.549;9.000;0.000;0.000;0.000;0.000;0.000;14298.000;0.000;3.3711;64.902;92.549;9.000;0.000;0.000;0.000;0.000;0.000;14298.000;0.000;3.0930;65.211;90.578;6.000;6.000;1.163;0.000;1.163;0.000;0.000;0.000
27;0.7808;0.6254;1.0710;0.9485;1.1128;1.2174;0.9982;3.0069;59.076;83.737;10.000;0.000;0.000;0.000;0.000;0.000;0.000;0.000;3.0789;58.415;83.666;8.000;0.000;0.000;0.000;0.000;0.000;8968.000;0.000;3.0346;58.790;83.678;9.000;4.000;0.832;0.000;0.832;0.000;0.000;0.000;3.0473;58.811;83.803;8.000;1.000;0.008;0.000;0.008;0.000;527.000;0.000
28;1.7536;0.6399;0.7462;0.8193;1.4628;1.2347;0.6657;2.9948;45.874;70.436;9.000;0.000;0.000;0.000;0.000;0.000;0.000;0.000;3.3549;44.302;71.816;8.000;0.000;0.000;0.000;0.000;0.000;23970.000;0.000;3.3549;44.302;71.816;8.000;0.000;0.000;0.000;0.000;0.000;23970.000;0.000;3.0365;45.636;70.539;8.000;6.000;0.820;0.000;0.820;0.000;0.000;0.000
29;1.4034;1.4571;1.4545;0.5574;0.6710;1.7300;1.6922;2.9646;96.191;120.506;17.000;0.000;0.000;0.000;0.000;0.000;0.000;0.000;3.9275;92.231;124.443;12.000;0.000;0.000;0.000;0.000;0.000;7896.000;7508.000;3.9275;92.231;124.443;12.000;0.000;0.000;0.000;0.000;0.000;7896.000;7508.000;3.2596;93.020;119.753;10.000;7.000;2.085;0.000;1.720;0.365;888.000;0.000
30;0.6649;1.0738;0.7196;0.8904;0.5147;0.7389;0.7277;2.8290;42.450;65.652;7.000;0.000;0.000;0.000;0.000;0.000;0.000;0.000;3.0029;41.556;66.185;6.000;0.000;0.000;0.000;0.000;0.000;9152.000;0.000;2.9277;41.686;65.697;8.000;4.000;1.866;0.000;1.866;0.000;0.000;0.000;2.9539;41.805;66.031;6.000;1.000;0.002;0.000;0.002;0.000;422.000;0.000
31;1.7879;1.1297;0.6395;0.9045;0.9903;1.2098;1.0460;2.9966;62.602;87.179;11.000;0.000;0.000;0.000;0.000;0.000;0.000;0.000;3.3424;61.135;88.547;9.000;0.000;0.000;0.000;0.000;0.000;18472.000;0.000;3.3424;61.135;88.547;9.000;0.000;0.000;0.000;0.000;0.000;18472.000;0.000;3.0772;61.982;87.219;6.000;6.000;1.024;0.000;1.024;0.000;0.000;0.000
32;0.8963;0.7693;1.1096;1.9341;1.0762;1.7100;0.5107;2.8985;41.047;64.819;8.000;0.000;0.000;0.000;0.000;0.000;0.000;0.000;3.3172;39.635;66.841;7.000;0.000;0.000;0.000;0.000;0.000;14558.000;1937.000;3.1218;40.414;66.017;8.000;4.000;0.624;0.000;0.624;0.000;0.000;5080.000;2.9672;40.753;65.088;8.000;5.000;0.743;0.000;0.494;0.249;0.000;0.000
33;0.6626;1.6581;1.1011;0.9829;0.8337;0.7529;1.2813;2.8525;68.432;91.827;12.000;0.000;0.000;0.000;0.000;0.000;0.000;0.000;3.8272;66.118;97.507;6.000;0.000;0.000;0.000;0.000;0.000;19812.000;0.000;3.1754;65.943;91.986;9.000;4.000;1.007;0.000;1.007;0.000;0.000;0.000;3.1914;66.000;92.174;8.000;4.000;0.222;0.000;0.222;0.000;0.000;0.000
34;0.8302;0.9141;1.4678;1.8562;1.9825;0.9793;0.6056;2.9202;40.875;64.825;8.000;0.000;0.000;0.000;0.000;0.000;0.000;0.000;3.0530;40.292;65.331;7.000;0.000;0.000;0.000;0.000;0.000;7606.000;0.000;3.0530;40.292;65.331;7.000;0.000;0.000;0.000;0.000;0.000;7606.000;0.000;2.9576;40.631;64.888;9.000;6.000;1.276;0.000;1.276;0.000;0.000;0.000
35;0.5176;0.9926;0.5558;0.5886;0.6924;1.9779;0.6261;2.9508;45.108;69.310;7.000;0.000;0.000;0.000;0.000;0.000;0.000;0.000;3.5329;43.555;72.530;6.000;0.000;0.000;0.000;0.000;0.000;13298.000;7293.000;3.1316;44.459;70.143;8.000;4.000;2.604;0.000;2.604;0.000;0.000;4291.000;3.0028;44.873;69.500;6.000;3.000;0.378;0.000;0.085;0.293;0.000;0.000
36;0.5825;1.7800;1.1844;1.3946;0.8176;1.8247;1.9348;2.9641;105.074;129.384;17.000;0.000;0.000;0.000;0.000;0.000;0.000;0.000;4.0618;99.021;132.334;11.000;0.000;0.000;0.000;0.000;0.000;19596.000;134.000;4.1052;99.324;132.993;11.000;4.000;1.098;0.000;1.098;0.000;0.000;4101.000;3.6063;99.648;129.225;9.000;5.000;0.523;0.000;0.218;0.305;0.000;0.000
37;1.0844;1.9638;1.0081;0.9199;1.4854;1.2214;0.6602;3.0017;44.514;69.132;8.000;0.000;0.000;0.000;0.000;0.000;0.000;0.000;4.0530;42.955;76.195;4.000;0.000;0.000;0.000;0.000;0.000;25044.000;0.000;3.0219;44.383;69.167;8.000;4.000;0.292;0.000;0.292;0.000;0.000;0.000;3.0219;44.383;69.167;8.000;4.000;0.292;0.000;0.292;0.000;0.000;0.000
38;1.0209;0.5115;1.6833;1.0606;0.5331;1.8347;1.9984;2.9671;110.356;134.690;19.000;0.000;0.000;0.000;0.000;0.000;0.000;0.000;4.2022;107.570;142.034;14.000;0.000;0.000;0.000;0.000;0.000;31370.000;8106.000;4.2022;107.570;142.034;14.000;0.000;0.000;0.000;0.000;0.000;31370.000;8106.000;2.9931;109.909;134.457;13.000;7.000;0.503;0.000;0.192;0.312;0.000;0.000
39;1.3895;0.9092;1.1351;0.5071;0.5811;0.7911;0.8843;2.8576;52.827;76.264;10.000;0.000;0.000;0.000;0.000;0.000;0.000;0.000;4.3069;50.676;85.999;4.000;0.000;0.000;0.000;0.000;0.000;26834.000;0.000;4.3069;50.676;85.999;4.000;0.000;0.000;0.000;0.000;0.000;26834.000;0.000;3.0037;51.763;76.398;9.000;6.000;0.691;0.000;0.691;0.000;0.000;0.000
40;1.4259;0.6335;0.5873;1.3149;1.7125;1.6927;1.3985;2.9608;80.505;104.787;13.000;0.000;0.000;0.000;0.000;0.000;0.000;0.000;4.1920;78.629;113.010;8.000;0.000;0.000;0.000;0.000;0.000;17726.000;7598.000;3.0789;79.845;105.096;12.000;4.000;0.557;0.000;0.557;0.000;0.000;1673.000;3.0042;79.931;104.570;11.000;5.000;0.948;0.000;0.513;0.434;0.000;0.000
41;1.9550;1.0311;1.4630;0.8915;0.8159;1.7674;0.9084;2.9337;62.802;86.862;13.000;0.000;0.000;0.000;0.000;0.000;0.000;0.000;4.2035;58.345;92.819;10.000;0.000;0.000;0.000;0.000;0.000;37518.000;1673.000;4.2035;58.345;92.819;10.000;0.000;0.000;0.000;0.000;0.000;37518.000;1673.000;3.1110;61.590;87.105;11.000;9.000;0.928;0.000;0.810;0.117;0.000;0.000
42;1.4073;0.9959;0.5842;0.5962;1.0141;1.3336;1.3996;3.0326;77.909;102.780;13.000;0.000;0.000;0.000;0.000;0.000;0.000;0.000;3.6414;76.751;106.615;8.000;0.000;0.000;0.000;0.000;0.000;14605.000;0.000;3.2673;77.241;104.038;11.000;4.000;0.557;0.000;0.557;0.000;0.000;2220.000;3.0608;77.372;102.475;12.000;5.000;0.858;0.000;0.557;0.301;0.000;0.000
43;0.7963;0.5064;1.0473;0.6503;0.7793;1.0965;0.8607;2.9477;52.013;76.189;9.000;0.000;0.000;0.000;0.000;0.000;0.000;0.000;3.4157;49.916;77.930;7.000;0.000;0.000;0.000;0.000;0.000;26033.000;0.000;3.0802;51.082;76.344;4.000;4.000;0.849;0.000;0.849;0.000;0.000;0.000;3.0804;51.163;76.426;8.000;4.000;0.024;0.000;0.024;0.000;0.000;0.000
44;0.9447;0.5362;0.6444;1.6064;1.0166;1.7055;1.6410;2.9452;90.664;114.819;14.000;0.000;0.000;0.000;0.000;0.000;0.000;0.000;3.9324;87.137;119.389;11.000;0.000;0.000;0.000;0.000;0.000;13837.000;3524.000;3.4094;87.631;115.593;12.000;4.000;1.531;0.000;1.531;0.000;0.000;3496.000;3.2095;87.938;114.261;10.000;3.000;0.346;0.000;0.008;0.337;276.000;0.000
45;0.6535;0.8701;1.0364;0.5724;0.5628;1.6054;1.5729;2.9589;86.901;111.168;14.000;0.000;0.000;0.000;0.000;0.000;0.000;0.000;3.6107;84.049;113.662;11.000;0.000;0.000;0.000;0.000;0.000;11413.000;6734.000;3.8955;84.432;116.381;11.000;4.000;1.192;0.000;1.192;0.000;0.000;8486.000;3.1672;84.933;110.908;9.000;5.000;0.449;0.000;0.438;0.011;0.000;0.000
46;0.8506;1.3316;1.0252;1.4096;0.7740;0.9646;1.7242;2.9176;89.830;113.758;15.000;0.000;0.000;0.000;0.000;0.000;0.000;0.000;3.4446;86.484;114.735;8.000;0.000;0.000;0.000;0.000;0.000;3784.000;0.000;3.2604;86.545;113.284;11.000;4.000;0.772;0.000;0.772;0.000;0.000;0.000;3.2604;86.545;113.284;11.000;4.000;0.772;0.000;0.772;0.000;0.000;0.000
47;1.5511;0.7684;1.6977;0.8690;1.2877;1.3407;0.8726;2.9673;57.984;82.320;13.000;0.000;0.000;0.000;0.000;0.000;0.000;0.000;3.8669;54.919;86.633;9.000;0.000;0.000;0.000;0.000;0.000;30608.000;0.000;3.8669;54.919;86.633;9.000;0.000;0.000;0.000;0.000;0.000;30608.000;0.000;3.1115;56.952;82.470;12.000;9.000;1.453;0.000;1.262;0.191;0.000;0.000
48;1.5737;0.9531;1.8939;1.8320;1.7417;1.7614;0.6131;2.9457;49.711;73.871;11.000;0.000;0.000;0.000;0.000;0.000;0.000;0.000;3.8210;45.789;77.126;10.000;0.000;0.000;0.000;0.000;0.000;40759.000;1188.000;3.8210;45.789;77.126;10.000;0.000;0.000;0.000;0.000;0.000;40759.000;1188.000;2.9968;49.478;74.056;10.000;8.000;0.648;0.000;0.648;0.000;0.000;142.000
49;1.2283;1.3969;1.0407;1.0413;0.6611;0.6248;1.4807;2.8071;77.971;100.993;14.000;0.000;0.000;0.000;0.000;0.000;0.000;0.000;3.0102;76.479;101.168;11.000;0.000;0.000;0.000;0.000;0.000;5709.000;0.000;3.0102;76.479;101.168;11.000;0.000;0.000;0.000;0.000;0.000;5709.000;0.000;2.9315;76.478;100.521;12.000;6.000;1.380;0.000;1.380;0.000;0.000;0.000
50;0.6152;1.3721;0.5564;0.8855;0.5169;1.2490;0.7505;3.0086;46.272;70.946;7.000;0.000;0.000;0.000;0.000;0.000;0.000;0.000;3.3139;45.121;72.300;6.000;0.000;0.000;0.000;0.000;0.000;9870.000;0.000;3.1380;45.384;71.120;8.000;4.000;2.344;0.000;2.344;0.000;0.000;0.000;3.1644;45.531;71.484;5.000;2.000;0.129;0.000;0.129;0.000;0.000;158.000
51;0.9562;0.7438;1.0221;1.2443;0.6302;1.4683;1.4794;2.9631;82.801;107.103;14.000;0.000;0.000;0.000;0.000;0.000;0.000;0.000;3.7873;80.419;111.481;9.000;0.000;0.000;0.000;0.000;0.000;18681.000;3658.000;3.2248;81.149;107.597;12.000;4.000;0.560;0.000;0.560;0.000;0.000;4790.000;3.0920;81.415;106.774;11.000;5.000;0.782;0.000;0.560;0.222;0.000;0.000
52;1.8459;0.8476;1.6774;0.5693;1.9832;0.6710;0.8396;2.8097;52.787;75.831;12.000;0.000;0.000;0.000;0.000;0.000;0.000;0.000;3.9125;49.681;81.770;9.000;0.000;0.000;0.000;0.000;0.000;44912.000;0.000;3.9125;49.681;81.770;9.000;0.000;0.000;0.000;0.000;0.000;44912.000;0.000;2.9203;52.017;75.967;11.000;8.000;0.482;0.000;0.482;0.000;0.000;0.000
53;0.5692;1.5914;0.9807;1.8984;0.6110;1.7215;0.8231;2.9441;53.944;78.090;9.000;0.000;0.000;0.000;0.000;0.000;0.000;0.000;3.7131;51.431;81.883;7.000;0.000;0.000;0.000;0.000;0.000;23237.000;8489.000;3.4148;52.973;80.979;5.000;4.000;1.600;0.000;1.600;0.000;0.000;5781.000;3.0174;53.388;78.135;8.000;4.000;0.269;0.000;0.084;0.185;0.000;0.000
54;0.6938;1.2434;0.5214;1.0359;0.9641;0.5348;0.9128;2.7903;48.897;71.782;7.000;0.000;0.000;0.000;0.000;0.000;0.000;0.000;3.6642;47.404;77.456;4.000;0.000;0.000;0.000;0.000;0.000;15871.000;0.000;2.9402;47.580;71.695;4.000;4.000;2.254;0.000;2.254;0.000;0.000;0.000;2.9659;47.749;72.074;6.000;2.000;0.036;0.000;0.036;0.000;0.000;0.000
55;0.7630;0.7058;1.8158;1.1460;0.6191;1.4283;0.8346;2.9654;55.177;79.497;11.000;0.000;0.000;0.000;0.000;0.000;0.000;0.000;4.4968;52.515;89.396;4.000;0.000;0.000;0.000;0.000;0.000;30596.000;0.000;4.4968;52.515;89.396;4.000;0.000;0.000;0.000;0.000;0.000;30596.000;0.000;3.0682;54.493;79.657;10.000;7.000;0.541;0.000;0.524;0.017;0.000;0.000
56;1.1469;0.8467;1.2117;1.2869;0.7408;1.5824;1.1779;2.9472;71.053;95.225;13.000;0.000;0.000;0.000;0.000;0.000;0.000;0.000;3.6572;68.382;98.376;10.000;0.000;0.000;0.000;0.000;0.000;10318.000;7242.000;3.6572;68.382;98.376;10.000;0.000;0.000;0.000;0.000;0.000;10318.000;7242.000;3.1704;69.399;95.401;6.000;6.000;1.152;0.000;1.152;0.000;0.000;40.000
57;1.1571;0.6764;0.7110;0.8650;0.5240;0.5394;1.2530;2.7897;65.930;88.810;12.000;0.000;0.000;0.000;0.000;0.000;0.000;0.000;3.1543;63.837;89.707;8.000;0.000;0.000;0.000;0.000;0.000;2509.000;0.000;3.0690;63.818;88.988;9.000;4.000;0.814;0.000;0.814;0.000;0.000;0.000;3.1543;63.837;89.707;8.000;0.000;0.000;0.000;0.000;0.000;2509.000;0.000
58;0.7754;1.3571;0.5547;1.3950;0.6729;1.6691;1.7569;2.9489;94.929;119.114;14.000;0.000;0.000;0.000;0.000;0.000;0.000;0.000;4.7530;90.282;129.263;8.000;0.000;0.000;0.000;0.000;0.000;11650.000;6402.000;3.8385;90.636;122.117;11.000;4.000;2.161;0.000;2.161;0.000;0.000;8251.000;3.3557;91.211;118.732;11.000;4.000;0.179;0.000;0.172;0.007;0.000;0.000
59;1.3001;0.8637;0.5181;1.4362;1.0910;0.5604;1.1030;2.8075;59.198;82.223;11.000;0.000;0.000;0.000;0.000;0.000;0.000;0.000;3.2721;57.753;84.588;9.000;0.000;0.000;0.000;0.000;0.000;23701.000;0.000;2.8989;58.264;82.040;9.000;4.000;0.943;0.000;0.943;0.000;0.000;0.000;2.9159;58.362;82.277;8.000;4.000;0.094;0.000;0.094;0.000;0.000;0.000
60;0.5043;0.9348;1.1700;1.5213;0.7481;0.6897;0.7912;2.8460;45.618;68.959;8.000;0.000;0.000;0.000;0.000;0.000;0.000;0.000;2.9961;45.099;69.671;7.000;0.000;0.000;0.000;0.000;0.000;10572.000;0.000;2.8698;45.363;68.900;4.000;4.000;1.195;0.000;1.195;0.000;0.000;0.000;2.8688;45.418;68.946;8.000;4.000;0.459;0.000;0.459;0.000;0.000;0.000
61;0.5428;1.8188;1.6950;1.1521;0.5545;0.5615;1.8203;2.7929;92.771;115.677;16.000;0.000;0.000;0.000;0.000;0.000;0.000;0.000;3.3464;88.399;115.844;11.000;0.000;0.000;0.000;0.000;0.000;3427.000;0.000;3.3464;88.399;115.844;11.000;0.000;0.000;0.000;0.000;0.000;3427.000;0.000;3.2589;88.391;115.119;12.000;6.000;1.392;0.000;1.392;0.000;0.000;0.000
62;0.5946;0.6119;1.4855;0.7595;0.8846;0.8827;1.3196;2.9014;71.833;95.629;12.000;0.000;0.000;0.000;0.000;0.000;0.000;0.000;3.8773;70.872;102.672;8.000;0.000;0.000;0.000;0.000;0.000;23779.000;0.000;2.9216;71.618;95.579;11.000;4.000;0.302;0.000;0.302;0.000;0.000;0.000;2.9216;71.618;95.579;11.000;4.000;0.302;0.000;0.302;0.000;0.000;0.000
63;0.9624;1.5416;0.9944;0.7479;0.6548;1.4241;0.6778;2.9665;46.329;70.658;9.000;0.000;0.000;0.000;0.000;0.000;0.000;0.000;4.0061;44.814;77.670;4.000;0.000;0.000;0.000;0.000;0.000;14532.000;6303.000;3.5004;45.620;74.328;9.000;4.000;0.604;0.000;0.604;0.000;0.000;6329.000;3.0186;46.011;70.768;9.000;5.000;0.736;0.000;0.604;0.132;0.000;0.000
64;1.1630;1.1509;1.9007;0.5661;0.6667;1.2510;0.7910;3.0305;52.984;77.838;11.000;0.000;0.000;0.000;0.000;0.000;0.000;0.000;3.3568;51.494;79.025;9.000;0.000;0.000;0.000;0.000;0.000;20021.000;0.000;3.3568;51.494;79.025;9.000;0.000;0.000;0.000;0.000;0.000;20021.000;0.000;3.0543;52.704;77.754;11.000;8.000;1.724;0.000;1.724;0.000;0.000;0.000
65;0.5976;1.7300;1.3784;0.6807;0.5705;1.6075;1.1018;2.9722;66.529;90.906;12.000;0.000;0.000;0.000;0.000;0.000;0.000;0.000;3.6175;64.395;94.064;9.000;0.000;0.000;0.000;0.000;0.000;15393.000;7817.000;3.0903;65.694;91.039;9.000;4.000;0.549;0.000;0.549;0.000;0.000;284.000;3.0500;65.716;90.730;10.000;5.000;1.002;0.000;0.539;0.464;0.000;0.000
66;1.8140;1.0241;0.6886;0.6017;0.8924;1.2906;0.5030;2.9835;38.900;63.369;9.000;0.000;0.000;0.000;0.000;0.000;0.000;0.000;3.3948;37.211;65.053;7.000;0.000;0.000;0.000;0.000;0.000;24328.000;0.000;3.3948;37.211;65.053;7.000;0.000;0.000;0.000;0.000;0.000;24328.000;0.000;3.0292;38.635;63.479;6.000;7.000;0.997;0.000;0.818;0.179;0.000;0.000
67;0.8650;0.8752;1.2675;0.6552;1.6843;0.7847;1.5731;2.8592;82.640;106.090;14.000;0.000;0.000;0.000;0.000;0.000;0.000;0.000;4.3614;79.805;115.574;8.000;0.000;0.000;0.000;0.000;0.000;28451.000;0.000;3.0554;80.674;105.733;11.000;4.000;0.187;0.000;0.187;0.000;0.000;0.000;3.0554;80.674;105.733;11.000;4.000;0.187;0.000;0.187;0.000;0.000;0.000
68;1.5749;1.7050;0.7158;1.6018;0.6883;0.8699;0.6397;2.8761;41.603;65.191;9.000;0.000;0.000;0.000;0.000;0.000;0.000;0.000;3.0800;40.880;66.140;7.000;0.000;0.000;0.000;0.000;0.000;7363.000;0.000;3.0800;40.880;66.140;7.000;0.000;0.000;0.000;0.000;0.000;7363.000;0.000;2.9743;41.058;65.452;9.000;6.000;1.365;0.000;1.365;0.000;0.000;0.000
69;0.9782;0.5549;1.8839;0.5091;0.9953;1.5979;0.6008;2.9525;46.325;70.540;10.000;0.000;0.000;0.000;0.000;0.000;0.000;0.000;3.4297;45.028;73.157;8.000;0.000;0.000;0.000;0.000;0.000;12472.000;2538.000;3.4297;45.028;73.157;8.000;0.000;0.000;0.000;0.000;0.000;12472.000;2538.000;2.9973;46.061;70.644;11.000;9.000;2.314;0.000;2.246;0.068;0.000;0.000
70;1.1441;1.0440;1.4291;1.3169;1.5692;1.5017;1.1217;2.9684;68.500;92.845;13.000;0.000;0.000;0.000;0.000;0.000;0.000;0.000;4.1107;65.552;99.265;9.000;0.000;0.000;0.000;0.000;0.000;26564.000;3493.000;4.1107;65.552;99.265;9.000;0.000;0.000;0.000;0.000;0.000;26564.000;3493.000;3.1215;67.389;92.990;7.000;6.000;0.558;0.000;0.558;0.000;0.000;158.000
71;0.8122;0.5803;0.6275;1.6730;0.7235;1.7268;0.7643;2.9421;50.886;75.015;8.000;0.000;0.000;0.000;0.000;0.000;0.000;0.000;3.2641;49.659;76.429;7.000;0.000;0.000;0.000;0.000;0.000;6680.000;782.000;3.2091;49.607;75.926;9.000;4.000;1.879;0.000;1.879;0.000;0.000;5560.000;3.1052;50.043;75.511;7.000;4.000;0.566;0.000;0.367;0.199;0.000;0.000
72;0.5413;0.7474;0.8522;0.5773;0.9072;1.5114;0.8874;2.9763;54.809;79.219;9.000;0.000;0.000;0.000;0.000;0.000;0.000;0.000;3.4368;53.260;81.447;7.000;0.000;0.000;0.000;0.000;0.000;3201.000;6734.000;3.3414;53.261;80.665;5.000;4.000;1.840;0.000;1.840;0.000;0.000;7025.000;3.1388;53.739;79.482;8.000;1.000;0.115;0.000;0.000;0.115;1043.000;0.000
73;0.9914;1.9966;0.6739;1.0628;1.9663;0.9941;1.1351;2.9172;63.122;87.047;10.000;0.000;0.000;0.000;0.000;0.000;0.000;0.000;3.2115;61.574;87.912;9.000;0.000;0.000;0.000;0.000;0.000;9924.000;0.000;3.0587;61.822;86.907;9.000;4.000;1.268;0.000;1.268;0.000;0.000;0.000;3.0742;61.900;87.113;8.000;4.000;0.519;0.000;0.519;0.000;0.000;0.000
74;1.0669;0.5866;1.3494;1.7705;1.8064;1.1277;0.8151;2.9653;51.762;76.081;10.000;0.000;0.000;0.000;0.000;0.000;0.000;0.000;3.6739;50.302;80.433;4.000;0.000;0.000;0.000;0.000;0.000;17755.000;0.000;3.6739;50.302;80.433;4.000;0.000;0.000;0.000;0.000;0.000;17755.000;0.000;3.0402;51.268;76.202;9.000;6.000;0.987;0.000;0.987;0.000;0.000;0.000
75;1.2755;1.8522;1.9403;0.7402;1.8294;1.3761;1.6744;3.0005;94.067;118.676;18.000;0.000;0.000;0.000;0.000;0.000;0.000;0.000;4.1599;89.431;123.548;12.000;0.000;0.000;0.000;0.000;0.000;29665.000;0.000;4.1599;89.431;123.548;12.000;0.000;0.000;0.000;0.000;0.000;29665.000;0.000;3.3109;91.073;118.227;9.000;8.000;1.317;0.000;1.317;0.000;0.000;206.000
76;0.6307;1.9352;1.4211;0.6298;1.0572;0.5836;1.3653;2.8102;71.867;94.915;12.000;0.000;0.000;0.000;0.000;0.000;0.000;0.000;3.8116;70.904;102.164;8.000;0.000;0.000;0.000;0.000;0.000;22332.000;0.000;2.8552;71.409;94.825;11.000;4.000;0.356;0.000;0.356;0.000;0.000;0.000;2.8552;71.409;94.825;11.000;4.000;0.356;0.000;0.356;0.000;0.000;0.000
77;1.1410;1.1146;1.6183;1.4534;0.5678;1.4382;1.0592;2.9965;65.760;90.336;13.000;0.000;0.000;0.000;0.000;0.000;0.000;0.000;3.7743;62.301;93.256;9.000;0.000;0.000;0.000;0.000;0.000;43175.000;0.000;3.7743;62.301;93.256;9.000;0.000;0.000;0.000;0.000;0.000;43175.000;0.000;3.0466;65.158;90.144;7.000;7.000;0.406;0.000;0.044;0.362;0.000;0.000
78;0.6496;0.8091;1.0128;1.6445;1.6980;0.5760;0.9229;2.8048;50.779;73.783;8.000;0.000;0.000;0.000;0.000;0.000;0.000;0.000;3.1337;49.326;75.027;7.000;0.000;0.000;0.000;0.000;0.000;9228.000;0.000;2.9864;49.509;74.002;4.000;4.000;1.237;0.000;1.237;0.000;0.000;0.000;2.9861;49.573;74.063;8.000;4.000;0.497;0.000;0.497;0.000;0.000;0.000
79;1.6100;1.1525;1.6362;1.1443;0.6812;1.0040;1.0212;2.9187;62.341;86.278;13.000;0.000;0.000;0.000;0.000;0.000;0.000;0.000;4.2751;60.211;95.272;6.000;0.000;0.000;0.000;0.000;0.000;31059.000;0.000;4.2751;60.211;95.272;6.000;0.000;0.000;0.000;0.000;0.000;31059.000;0.000;2.9759;61.832;86.239;12.000;8.000;1.253;0.000;1.253;0.000;0.000;0.000
80;1.7269;0.8188;0.6925;1.4120;0.8945;0.9785;1.9361;2.9505;100.935;125.134;17.000;0.000;0.000;0.000;0.000;0.000;0.000;0.000;3.9024;96.916;128.921;9.000;0.000;0.000;0.000;0.000;0.000;18065.000;0.000;3.9024;96.916;128.921;9.000;0.000;0.000;0.000;0.000;0.000;18065.000;0.000;3.5759;95.470;124.797;12.000;6.000;1.028;0.000;1.028;0.000;0.000;0.000
81;1.2739;1.2690;1.8248;1.3497;1.8785;1.2030;1.1288;3.0009;68.223;92.835;13.000;0.000;0.000;0.000;0.000;0.000;0.000;0.000;4.0850;65.634;99.137;6.000;0.000;0.000;0.000;0.000;0.000;22442.000;0.000;4.0850;65.634;99.137;6.000;0.000;0.000;0.000;0.000;0.000;22442.000;0.000;3.1471;66.968;92.778;12.000;8.000;1.637;0.000;1.637;0.000;0.000;0.000
82;0.7415;0.6885;1.0446;0.5427;0.6314;1.3349;1.2817;3.0139;72.322;97.040;13.000;0.000;0.000;0.000;0.000;0.000;0.000;0.000;3.9942;69.581;102.339;6.000;0.000;0.000;0.000;0.000;0.000;20797.000;0.000;3.5569;69.722;98.894;9.000;4.000;0.980;0.000;0.980;0.000;0.000;2006.000;3.3229;69.918;97.170;9.000;5.000;0.478;0.000;0.182;0.295;0.000;0.000
83;0.5200;0.6269;1.1774;0.8798;1.1313;0.5977;1.6529;2.8077;84.045;107.072;13.000;0.000;0.000;0.000;0.000;0.000;0.000;0.000;3.4411;81.018;109.241;10.000;0.000;0.000;0.000;0.000;0.000;12780.000;0.000;3.0577;81.168;106.245;11.000;4.000;1.147;0.000;1.147;0.000;0.000;0.000;3.0831;81.221;106.507;8.000;4.000;0.396;0.000;0.396;0.000;0.000;0.000
84;0.7159;0.8402;0.9322;1.1373;1.9467;0.6684;0.6262;2.8346;37.949;61.196;7.000;0.000;0.000;0.000;0.000;0.000;0.000;0.000;3.2152;37.430;63.799;3.000;0.000;0.000;0.000;0.000;0.000;7720.000;0.000;2.8894;37.623;61.320;7.000;4.000;1.277;0.000;1.277;0.000;0.000;0.000;2.8919;37.677;61.395;7.000;4.000;0.543;0.000;0.543;0.000;0.000;0.000
85;0.6116;1.4635;0.8496;1.8074;0.5483;1.0447;1.4285;2.9435;76.121;100.263;12.000;0.000;0.000;0.000;0.000;0.000;0.000;0.000;3.2549;74.894;101.589;10.000;0.000;0.000;0.000;0.000;0.000;11550.000;0.000;3.0256;75.128;99.942;11.000;4.000;1.688;0.000;1.688;0.000;0.000;0.000;3.0382;75.221;100.138;10.000;3.000;0.291;0.000;0.291;0.000;0.000;0.000
86;1.0099;0.8786;1.5401;1.0127;1.7569;0.6960;1.1462;2.8248;64.130;87.297;12.000;0.000;0.000;0.000;0.000;0.000;0.000;0.000;3.6596;61.776;91.790;9.000;0.000;0.000;0.000;0.000;0.000;29107.000;0.000;3.6596;61.776;91.790;9.000;0.000;0.000;0.000;0.000;0.000;29107.000;0.000;3.0094;62.758;87.439;6.000;6.000;0.593;0.000;0.593;0.000;0.000;0.000
87;1.2049;1.7584;0.5690;1.5278;1.2896;1.6486;1.1629;2.9430;69.330;93.466;12.000;0.000;0.000;0.000;0.000;0.000;0.000;0.000;3.8639;66.336;98.025;10.000;0.000;0.000;0.000;0.000;0.000;19453.000;6063.000;3.8405;67.306;98.804;9.000;4.000;1.221;0.000;1.221;0.000;0.000;7095.000;3.1257;67.811;93.446;9.000;5.000;0.340;0.000;0.233;0.107;0.000;0.000
88;0.9379;1.5080;0.7414;0.5399;1.4141;1.5419;1.5772;2.9790;86.628;111.061;14.000;0.000;0.000;0.000;0.000;0.000;0.000;0.000;3.4339;84.114;112.277;11.000;0.000;0.000;0.000;0.000;0.000;10595.000;446.000;3.2997;84.441;111.503;11.000;4.000;1.246;0.000;1.246;0.000;0.000;1504.000;3.1514;84.602;110.448;9.000;5.000;0.848;0.000;0.484;0.364;0.000;0.000
89;0.9300;1.3807;1.3447;0.7459;1.4450;1.9031;0.8146;2.9325;56.493;80.543;11.000;0.000;0.000;0.000;0.000;0.000;0.000;0.000;3.3809;55.039;82.767;6.000;0.000;0.000;0.000;0.000;0.000;8113.000;5319.000;3.3875;55.302;83.085;5.000;1.000;0.123;0.000;0.123;0.000;4820.000;5319.000;3.0004;55.939;80.546;10.000;7.000;1.391;0.000;1.350;0.041;0.000;0.000
90;0.7305;1.1233;1.6884;1.1620;1.9187;1.7965;1.3393;2.9297;79.878;103.906;14.000;0.000;0.000;0.000;0.000;0.000;0.000;0.000;3.7143;78.004;108.467;11.000;0.000;0.000;0.000;0.000;0.000;15600.000;8010.000;3.5602;78.038;107.236;11.000;1.000;0.136;0.000;0.136;0.000;14947.000;8010.000;2.9663;79.423;103.750;13.000;7.000;1.431;0.000;0.944;0.487;0.000;0.000
91;1.3322;0.6400;0.8022;1.5372;0.8711;0.6859;0.5457;2.7898;35.959;58.839;7.000;0.000;0.000;0.000;0.000;0.000;0.000;0.000;3.6401;34.236;64.090;6.000;0.000;0.000;0.000;0.000;0.000;28120.000;0.000;2.9306;35.395;59.430;7.000;4.000;0.199;0.000;0.199;0.000;0.000;0.000;2.9306;35.395;59.430;7.000;4.000;0.199;0.000;0.199;0.000;0.000;0.000
92;0.6812;1.1128;1.8003;0.8604;1.4939;0.5977;1.5643;2.8341;81.916;105.160;15.000;0.000;0.000;0.000;0.000;0.000;0.000;0.000;3.5496;79.533;108.644;11.000;0.000;0.000;0.000;0.000;0.000;24183.000;0.000;3.5496;79.533;108.644;11.000;0.000;0.000;0.000;0.000;0.000;24183.000;0.000;2.9917;80.072;104.609;12.000;6.000;0.758;0.000;0.758;0.000;0.000;0.000
93;1.8088;1.0036;0.9392;1.7608;0.6857;1.7916;1.7839;2.9575;100.733;124.988;18.000;0.000;0.000;0.000;0.000;0.000;0.000;0.000;4.4597;94.034;130.610;12.000;0.000;0.000;0.000;0.000;0.000;37220.000;4480.000;4.4597;94.034;130.610;12.000;0.000;0.000;0.000;0.000;0.000;37220.000;4480.000;3.3583;96.718;124.261;13.000;7.000;0.526;0.000;0.099;0.427;0.000;0.000
94;1.8857;1.7198;1.0363;1.2866;1.0468;0.7597;1.9742;2.8883;102.572;126.260;18.000;0.000;0.000;0.000;0.000;0.000;0.000;0.000;3.2338;102.000;128.522;12.000;0.000;0.000;0.000;0.000;0.000;11576.000;0.000;3.2338;102.000;128.522;12.000;0.000;0.000;0.000;0.000;0.000;11576.000;0.000;2.8998;102.127;125.910;16.000;8.000;2.162;0.000;2.162;0.000;0.000;0.000
95;0.5176;0.7086;1.8116;1.8720;0.7359;1.9994;1.5425;2.9527;90.046;114.262;15.000;0.000;0.000;0.000;0.000;0.000;0.000;0.000;3.6837;87.173;117.384;11.000;0.000;0.000;0.000;0.000;0.000;14571.000;2423.000;3.3567;87.604;115.134;12.000;1.000;0.012;0.000;0.012;0.000;8351.000;2423.000;3.1021;88.318;113.759;12.000;7.000;1.179;0.000;1.168;0.010;0.000;0.000
96;1.4679;1.1047;0.8637;0.5064;0.8300;0.8406;0.5598;2.8601;38.071;61.528;8.000;0.000;0.000;0.000;0.000;0.000;0.000;0.000;2.9715;37.524;61.895;7.000;0.000;0.000;0.000;0.000;0.000;11084.000;0.000;2.9715;37.524;61.895;7.000;0.000;0.000;0.000;0.000;0.000;11084.000;0.000;2.8550;37.932;61.347;9.000;6.000;1.242;0.000;1.242;0.000;0.000;0.000
97;0.5621;0.7203;0.9922;1.4623;1.1311;1.0584;1.5086;2.9391;80.113;104.218;12.000;0.000;0.000;0.000;0.000;0.000;0.000;0.000;3.5856;77.800;107.207;10.000;0.000;0.000;0.000;0.000;0.000;23050.000;0.000;3.0826;78.467;103.749;11.000;4.000;1.475;0.000;1.475;0.000;0.000;0.000;3.0991;78.563;103.980;10.000;3.000;0.070;0.000;0.070;0.000;0.000;0.000
98;1.6200;0.9200;1.1602;1.7932;0.5585;1.1630;1.4672;2.9921;82.338;106.878;15.000;0.000;0.000;0.000;0.000;0.000;0.000;0.000;3.4129;80.614;108.605;11.000;0.000;0.000;0.000;0.000;0.000;9304.000;0.000;3.4129;80.614;108.605;11.000;0.000;0.000;0.000;0.000;0.000;9304.000;0.000;3.1194;81.079;106.663;12.000;2.000;0.015;0.000;0.015;0.000;664.000;0.000
99;0.9042;1.4141;1.6022;1.4426;1.0523;1.3648;1.3367;2.9826;77.154;101.616;14.000;0.000;0.000;0.000;0.000;0.000;0.000;0.000;3.4978;75.482;104.169;11.000;0.000;0.000;0.000;0.000;0.000;25786.000;0.000;3.4978;75.482;104.169;11.000;0.000;0.000;0.000;0.000;0.000;25786.000;0.000;3.0048;76.733;101.376;13.000;7.000;1.103;0.000;0.722;0.381;0.000;0.000
100;0.8507;0.5150;1.8653;0.9562;0.7563;0.7076;0.8699;2.8269;52.236;75.421;11.000;0.000;0.000;0.000;0.000;0.000;0.000;0.000;4.5994;49.508;87.230;4.000;0.000;0.000;0.000;0.000;0.000;40640.000;0.000;4.5994;49.508;87.230;4.000;0.000;0.000;0.000;0.000;0.000;40640.000;0.000;2.9691;51.295;75.646;9.000;6.000;0.140;0.000;0.140;0.000;0.000;0.000
101;1.1140;1.0249;0.8493;0.5569;1.9474;0.5110;1.7895;2.7713;90.343;113.071;15.000;0.000;0.000;0.000;0.000;0.000;0.000;0.000;3.8944;85.997;117.937;8.000;0.000;0.000;0.000;0.000;0.000;13021.000;0.000;3.2046;86.246;112.529;11.000;4.000;0.584;0.000;0.584;0.000;0.000;0.000;3.2046;86.246;112.529;11.000;4.000;0.584;0.000;0.584;0.000;0.000;0.000
102;0.5225;1.0076;1.4855;1.2545;1.3301;0.5724;1.6565;2.8090;84.850;107.888;14.000;0.000;0.000;0.000;0.000;0.000;0.000;0.000;3.9673;81.646;114.183;8.000;0.000;0.000;0.000;0.000;0.000;17533.000;0.000;3.0649;82.028;107.165;11.000;4.000;0.455;0.000;0.455;0.000;0.000;0.000;3.0649;82.028;107.165;11.000;4.000;0.455;0.000;0.455;0.000;0.000;0.000
103;1.2308;1.8449;1.9869;1.4233;1.5266;1.8948;1.3553;2.9392;83.364;107.470;16.000;0.000;0.000;0.000;0.000;0.000;0.000;0.000;3.9938;80.009;112.764;12.000;0.000;0.000;0.000;0.000;0.000;30479.000;8153.000;3.9938;80.009;112.764;12.000;0.000;0.000;0.000;0.000;0.000;30479.000;8153.000;3.0004;82.797;107.404;9.000;8.000;1.306;0.000;1.306;0.000;0.000;384.000
104;1.1675;1.0381;1.0322;1.2141;1.1887;0.5010;0.6149;2.7902;37.867;60.751;7.000;0.000;0.000;0.000;0.000;0.000;0.000;0.000;3.5584;36.482;65.666;7.000;0.000;0.000;0.000;0.000;0.000;34049.000;0.000;2.8410;37.699;61.000;7.000;4.000;0.038;0.000;0.038;0.000;0.000;0.000;2.8410;37.699;61.000;7.000;4.000;0.038;0.000;0.038;0.000;0.000;0.000
105;0.8910;0.7449;1.2737;1.9743;0.7228;1.5384;0.8367;2.9356;55.049;79.125;10.000;0.000;0.000;0.000;0.000;0.000;0.000;0.000;3.5652;52.395;81.635;9.000;0.000;0.000;0.000;0.000;0.000;29465.000;1050.000;3.2106;53.912;80.243;5.000;4.000;0.134;0.000;0.134;0.000;0.000;6425.000;3.0513;54.352;79.377;4.000;5.000;0.283;0.000;0.134;0.150;0.000;0.000
106;1.3638;0.5655;1.1874;1.0289;1.5781;0.5893;1.0306;2.7924;58.240;81.142;11.000;0.000;0.000;0.000;0.000;0.000;0.000;0.000;3.4423;56.806;85.037;9.000;0.000;0.000;0.000;0.000;0.000;28752.000;0.000;3.4423;56.806;85.037;9.000;0.000;0.000;0.000;0.000;0.000;28752.000;0.000;2.8593;57.719;81.169;6.000;6.000;0.610;0.000;0.610;0.000;0.000;0.000
107;1.6549;1.3099;0.6248;1.6321;0.6887;0.5538;0.5624;2.7736;36.222;58.969;8.000;0.000;0.000;0.000;0.000;0.000;0.000;0.000;2.8476;35.961;59.316;7.000;0.000;0.000;0.000;0.000;0.000;6473.000;0.000;2.8476;35.961;59.316;7.000;0.000;0.000;0.000;0.000;0.000;6473.000;0.000;2.7708;36.033;58.758;9.000;6.000;1.396;0.000;1.396;0.000;0.000;0.000
108;1.4830;1.6029;1.6950;1.4228;1.7267;1.8090;1.0529;2.9465;69.075;93.240;14.000;0.000;0.000;0.000;0.000;0.000;0.000;0.000;4.3291;65.633;101.138;7.000;0.000;0.000;0.000;0.000;0.000;28246.000;7915.000;4.3291;65.633;101.138;7.000;0.000;0.000;0.000;0.000;0.000;28246.000;7915.000;2.9922;68.379;92.919;13.000;9.000;1.822;0.000;1.429;0.394;0.000;0.000
109;1.2012;1.8750;1.0199;0.6981;1.8369;0.5364;1.1225;2.7750;61.126;83.885;12.000;0.000;0.000;0.000;0.000;0.000;0.000;0.000;2.9497;60.006;84.198;9.000;0.000;0.000;0.000;0.000;0.000;1723.000;0.000;2.9497;60.006;84.198;9.000;0.000;0.000;0.000;0.000;0.000;1723.000;0.000;2.9497;60.006;84.198;9.000;0.000;0.000;0.000;0.000;0.000;1723.000;0.000
110;1.8137;1.4032;1.1575;0.9814;0.7296;1.0918;1.3920;2.9580;78.662;102.922;14.000;0.000;0.000;0.000;0.000;0.000;0.000;0.000;3.2494;77.363;104.013;12.000;0.000;0.000;0.000;0.000;0.000;14501.000;0.000;3.2494;77.363;104.013;12.000;0.000;0.000;0.000;0.000;0.000;14501.000;0.000;3.0305;77.940;102.794;8.000;8.000;2.039;0.000;2.039;0.000;0.000;0.000
111;1.0886;1.4467;1.9109;1.2132;1.3340;1.6229;1.0765;2.9702;68.309;92.669;13.000;0.000;0.000;0.000;0.000;0.000;0.000;0.000;3.8704;65.847;97.589;7.000;0.000;0.000;0.000;0.000;0.000;17425.000;7837.000;3.8704;65.847;97.589;7.000;0.000;0.000;0.000;0.000;0.000;17425.000;7837.000;3.0270;67.575;92.401;13.000;9.000;2.179;0.000;1.877;0.302;0.000;0.000
112;0.7457;1.5021;1.5688;1.9450;0.5149;1.0098;0.5443;2.8952;38.572;62.317;8.000;0.000;0.000;0.000;0.000;0.000;0.000;0.000;3.1415;37.439;63.204;7.000;0.000;0.000;0.000;0.000;0.000;9597.000;0.000;3.1415;37.439;63.204;7.000;0.000;0.000;0.000;0.000;0.000;9597.000;0.000;3.0313;37.949;62.810;6.000;6.000;1.220;0.000;1.220;0.000;0.000;0.000
113;0.9949;0.9692;0.6781;1.9977;1.4002;0.8539;1.5050;2.8778;78.877;102.479;12.000;0.000;0.000;0.000;0.000;0.000;0.000;0.000;3.2330;77.096;103.611;10.000;0.000;0.000;0.000;0.000;0.000;10236.000;0.000;3.0113;77.239;101.936;11.000;4.000;1.254;0.000;1.254;0.000;0.000;0.000;3.0231;77.291;102.085;8.000;4.000;0.496;0.000;0.496;0.000;0.000;0.000
114;0.7040;0.7418;1.4669;1.3107;1.4841;0.8578;0.6460;2.8894;41.548;65.246;8.000;0.000;0.000;0.000;0.000;0.000;0.000;0.000;3.9949;40.151;72.915;4.000;0.000;0.000;0.000;0.000;0.000;31672.000;0.000;2.9893;41.083;65.600;7.000;4.000;0.100;0.000;0.100;0.000;0.000;0.000;2.9893;41.083;65.600;7.000;4.000;0.100;0.000;0.100;0.000;0.000;0.000
115;0.9132;1.3961;1.6163;1.7465;1.9798;0.7719;1.5978;2.8516;84.806;108.193;15.000;0.000;0.000;0.000;0.000;0.000;0.000;0.000;3.7539;81.732;112.519;11.000;0.000;0.000;0.000;0.000;0.000;27928.000;0.000;3.7539;81.732;112.519;11.000;0.000;0.000;0.000;0.000;0.000;27928.000;0.000;3.0738;82.503;107.713;12.000;6.000;0.641;0.000;0.641;0.000;0.000;0.000
116;1.9959;0.7367;0.5035;0.6092;1.4695;1.5239;0.7167;2.9501;50.138;74.333;10.000;0.000;0.000;0.000;0.000;0.000;0.000;0.000;4.2149;47.731;82.298;8.000;0.000;0.000;0.000;0.000;0.000;19036.000;8317.000;4.2149;47.731;82.298;8.000;0.000;0.000;0.000;0.000;0.000;19036.000;8317.000;3.0619;49.475;74.587;9.000;6.000;0.846;0.000;0.846;0.000;0.000;15.000
117;1.8409;0.6940;1.3728;0.6457;1.4285;0.5365;1.1331;2.7871;64.247;87.105;14.000;0.000;0.000;0.000;0.000;0.000;0.000;0.000;4.3680;61.845;97.669;6.000;0.000;0.000;0.000;0.000;0.000;29074.000;0.000;4.3680;61.845;97.669;6.000;0.000;0.000;0.000;0.000;0.000;29074.000;0.000;2.9301;62.945;86.976;12.000;8.000;1.343;0.000;1.343;0.000;0.000;0.000
118;0.8111;1.2468;1.7095;0.7815;1.8688;0.9355;0.8704;2.8916;53.167;76.882;10.000;0.000;0.000;0.000;0.000;0.000;0.000;0.000;4.3133;50.966;86.341;4.000;0.000;0.000;0.000;0.000;0.000;27111.000;0.000;4.3133;50.966;86.341;4.000;0.000;0.000;0.000;0.000;0.000;27111.000;0.000;3.0381;52.212;77.128;9.000;6.000;0.667;0.000;0.667;0.000;0.000;0.000
119;0.6639;0.5401;0.5442;1.6248;0.5051;1.2282;1.1641;3.0080;65.055;89.725;10.000;0.000;0.000;0.000;0.000;0.000;0.000;0.000;3.6053;62.977;92.545;7.000;0.000;0.000;0.000;0.000;0.000;14215.000;0.000;3.1811;63.416;89.505;9.000;4.000;2.276;0.000;2.276;0.000;0.000;0.000;3.2075;63.567;89.873;8.000;2.000;0.055;0.000;0.055;0.000;0.000;513.000
120;1.1286;0.9459;0.5463;0.6529;1.3096;1.7195;0.9756;2.9783;60.836;85.263;10.000;0.000;0.000;0.000;0.000;0.000;0.000;0.000;3.4359;59.227;87.406;9.000;0.000;0.000;0.000;0.000;0.000;13499.000;4627.000;3.1179;59.960;85.531;10.000;4.000;1.326;0.000;1.326;0.000;0.000;1990.000;3.0435;60.168;85.129;8.000;5.000;0.902;0.000;0.512;0.390;0.000;0.000
121;0.8591;1.5876;0.5286;1.1464;1.9218;0.9076;0.7598;2.8888;44.848;68.541;7.000;0.000;0.000;0.000;0.000;0.000;0.000;0.000;3.0981;43.782;69.191;6.000;0.000;0.000;0.000;0.000;0.000;9584.000;0.000;3.0289;43.929;68.770;8.000;4.000;1.891;0.000;1.891;0.000;0.000;0.000;3.0541;44.062;69.110;6.000;1.000;0.003;0.000;0.003;0.000;854.000;0.000
122;0.8379;1.1089;1.6976;1.3741;0.8038;0.8498;1.2059;2.8723;67.702;91.259;12.000;0.000;0.000;0.000;0.000;0.000;0.000;0.000;3.7866;64.837;95.893;9.000;0.000;0.000;0.000;0.000;0.000;28192.000;0.000;3.7866;64.837;95.893;9.000;0.000;0.000;0.000;0.000;0.000;28192.000;0.000;3.1205;65.904;91.496;6.000;6.000;0.627;0.000;0.627;0.000;0.000;0.000
123;1.1943;0.5855;1.1125;1.4084;0.5964;1.4659;0.6144;2.9744;44.639;69.034;9.000;0.000;0.000;0.000;0.000;0.000;0.000;0.000;3.6391;43.481;73.327;8.000;0.000;0.000;0.000;0.000;0.000;6248.000;7793.000;3.6391;43.481;73.327;8.000;0.000;0.000;0.000;0.000;0.000;6248.000;7793.000;3.0229;44.357;69.149;9.000;7.000;1.504;0.000;1.303;0.202;0.000;0.000
124;0.5637;1.0825;1.4763;1.1751;1.1595;0.5682;1.1158;2.8070;60.495;83.517;11.000;0.000;0.000;0.000;0.000;0.000;0.000;0.000;3.5736;58.984;88.292;8.000;0.000;0.000;0.000;0.000;0.000;20677.000;0.000;2.9218;59.513;83.476;9.000;4.000;0.385;0.000;0.385;0.000;0.000;0.000;2.9218;59.513;83.476;9.000;4.000;0.385;0.000;0.385;0.000;0.000;0.000
125;1.0208;0.5100;1.4458;0.6780;0.9507;0.9422;1.2839;2.9096;71.569;95.431;13.000;0.000;0.000;0.000;0.000;0.000;0.000;0.000;3.4727;69.559;98.041;9.000;0.000;0.000;0.000;0.000;0.000;22171.000;0.000;3.4727;69.559;98.041;9.000;0.000;0.000;0.000;0.000;0.000;22171.000;0.000;3.2672;69.109;95.905;6.000;6.000;0.836;0.000;0.836;0.000;0.000;0.000
126;1.6521;1.4743;0.6709;0.6866;0.9056;0.8298;1.3544;2.8667;73.653;97.164;13.000;0.000;0.000;0.000;0.000;0.000;0.000;0.000;3.0569;72.879;97.950;11.000;0.000;0.000;0.000;0.000;0.000;10389.000;0.000;3.0569;72.879;97.950;11.000;0.000;0.000;0.000;0.000;0.000;10389.000;0.000;2.9195;73.096;97.041;12.000;6.000;1.282;0.000;1.282;0.000;0.000;0.000
127;1.0686;0.9336;1.1557;0.8479;1.6429;1.4095;1.5074;2.9873;84.218;108.718;15.000;0.000;0.000;0.000;0.000;0.000;0.000;0.000;3.9407;81.939;114.258;10.000;0.000;0.000;0.000;0.000;0.000;9219.000;4598.000;3.3720;82.450;110.105;12.000;1.000;0.005;0.000;0.005;0.000;653.000;4240.000;3.1365;82.664;108.388;12.000;2.000;0.237;0.000;0.005;0.231;653.000;0.000
128;1.9762;1.2961;1.2347;1.4465;1.2020;1.8792;0.8786;2.9263;61.829;85.828;13.000;0.000;0.000;0.000;0.000;0.000;0.000;0.000;4.4333;57.704;94.064;9.000;0.000;0.000;0.000;0.000;0.000;29665.000;7792.000;4.4333;57.704;94.064;9.000;0.000;0.000;0.000;0.000;0.000;29665.000;7792.000;3.0723;60.697;85.894;12.000;9.000;1.435;0.000;1.392;0.043;0.000;0.000
129;0.8343;0.5631;1.8477;0.5601;1.7659;0.8175;1.9763;2.8981;102.465;126.233;18.000;0.000;0.000;0.000;0.000;0.000;0.000;0.000;3.5790;101.170;130.523;14.000;0.000;0.000;0.000;0.000;0.000;38282.000;0.000;3.5790;101.170;130.523;14.000;0.000;0.000;0.000;0.000;0.000;38282.000;0.000;2.9236;102.159;126.137;12.000;6.000;0.234;0.000;0.234;0.000;0.000;0.000
130;0.5999;0.6992;1.4960;0.8576;0.9214;0.6607;0.6210;2.8422;38.847;62.157;7.000;0.000;0.000;0.000;0.000;0.000;0.000;0.000;3.5347;37.733;66.723;7.000;0.000;0.000;0.000;0.000;0.000;25287.000;0.000;2.8915;38.664;62.378;7.000;4.000;0.263;0.000;0.263;0.000;0.000;0.000;2.8915;38.664;62.378;7.000;4.000;0.263;0.000;0.263;0.000;0.000;0.000
131;1.6441;1.1357;1.4870;0.8311;0.9817;1.7797;1.7538;2.9366;100.176;124.260;19.000;0.000;0.000;0.000;0.000;0.000;0.000;0.000;4.6742;94.286;132.621;12.000;0.000;0.000;0.000;0.000;0.000;26234.000;6666.000;4.6742;94.286;132.621;12.000;0.000;0.000;0.000;0.000;0.000;26234.000;6666.000;3.3500;96.381;123.856;8.000;9.000;1.653;0.000;1.582;0.071;0.000;0.000
132;1.1417;1.2859;0.5546;0.8056;1.0978;0.9227;0.7657;2.9029;46.001;69.809;7.000;0.000;0.000;0.000;0.000;0.000;0.000;0.000;3.1656;44.722;70.684;7.000;0.000;0.000;0.000;0.000;0.000;12612.000;0.000;3.0505;45.105;70.124;8.000;4.000;1.216;0.000;1.216;0.000;0.000;0.000;3.0735;45.173;70.380;4.000;4.000;0.443;0.000;0.443;0.000;0.000;0.000
133;1.3247;0.6932;1.7656;0.6663;1.3527;0.9922;1.3813;2.9313;77.883;101.924;14.000;0.000;0.000;0.000;0.000;0.000;0.000;0.000;3.3868;76.350;104.126;12.000;0.000;0.000;0.000;0.000;0.000;21680.000;0.000;3.3868;76.350;104.126;12.000;0.000;0.000;0.000;0.000;0.000;21680.000;0.000;2.9882;77.233;101.740;8.000;8.000;1.659;0.000;1.659;0.000;0.000;0.000
134;0.8773;0.8165;1.2216;1.9005;1.2987;0.5113;0.5219;2.7467;33.671;56.198;7.000;0.000;0.000;0.000;0.000;0.000;0.000;0.000;3.5005;32.391;61.100;6.000;0.000;0.000;0.000;0.000;0.000;25504.000;0.000;2.8374;33.297;56.567;7.000;4.000;0.264;0.000;0.264;0.000;0.000;0.000;2.8374;33.297;56.567;7.000;4.000;0.264;0.000;0.264;0.000;0.000;0.000
135;0.6720;0.8159;0.6237;1.8751;0.7227;0.9443;0.6077;2.8999;38.030;61.814;5.000;0.000;0.000;0.000;0.000;0.000;0.000;0.000;3.0257;37.534;62.350;5.000;0.000;0.000;0.000;0.000;0.000;8194.000;0.000;2.9369;37.690;61.776;7.000;4.000;2.073;0.000;2.073;0.000;0.000;0.000;2.9529;37.832;62.051;6.000;3.000;0.255;0.000;0.255;0.000;0.000;0.000
136;0.7632;1.0656;0.8932;0.5656;1.4100;1.9174;0.6931;2.9287;49.517;73.537;8.000;0.000;0.000;0.000;0.000;0.000;0.000;0.000;3.5485;47.921;77.023;7.000;0.000;0.000;0.000;0.000;0.000;12904.000;3759.000;2.9885;49.006;73.516;9.000;4.000;1.278;0.000;1.278;0.000;0.000;23.000;3.0124;49.048;73.753;5.000;4.000;0.534;0.000;0.534;0.000;0.000;116.000
137;0.6798;1.4245;0.9385;0.5288;0.5345;1.9490;1.3629;2.9486;79.648;103.830;12.000;0.000;0.000;0.000;0.000;0.000;0.000;0.000;3.6607;78.385;108.408;11.000;0.000;0.000;0.000;0.000;0.000;4286.000;8638.000;3.0746;78.951;104.167;12.000;4.000;1.395;0.000;1.395;0.000;0.000;2157.000;2.9885;79.136;103.647;9.000;5.000;1.047;0.000;0.629;0.418;0.000;0.000
138;1.0215;0.6226;1.7662;0.8411;0.7880;1.4950;1.5544;2.9886;88.177;112.688;16.000;0.000;0.000;0.000;0.000;0.000;0.000;0.000;3.8448;85.591;117.124;12.000;0.000;0.000;0.000;0.000;0.000;9712.000;5556.000;3.8448;85.591;117.124;12.000;0.000;0.000;0.000;0.000;0.000;9712.000;5556.000;3.1843;86.429;112.544;12.000;2.000;0.183;0.000;0.001;0.182;1166.000;0.000
139;0.5135;1.0721;0.8134;1.9193;0.7733;0.7586;1.2455;2.8624;65.500;88.976;11.000;0.000;0.000;0.000;0.000;0.000;0.000;0.000;3.2920;63.329;90.328;8.000;0.000;0.000;0.000;0.000;0.000;11937.000;0.000;3.1080;63.455;88.945;9.000;4.000;1.971;0.000;1.971;0.000;0.000;0.000;3.1467;63.574;89.382;6.000;3.000;0.158;0.000;0.158;0.000;0.000;0.000
140;1.7502;1.2176;1.0865;0.5911;0.7141;1.5133;0.6038;2.9594;45.778;70.049;10.000;0.000;0.000;0.000;0.000;0.000;0.000;0.000;3.2786;44.666;71.555;9.000;0.000;0.000;0.000;0.000;0.000;9388.000;3785.000;3.2786;44.666;71.555;9.000;0.000;0.000;0.000;0.000;0.000;9388.000;3785.000;3.0574;45.281;70.356;9.000;1.000;0.262;0.000;0.000;0.262;4566.000;0.000
141;1.8410;1.8592;1.2126;0.7602;1.8003;1.5107;1.3889;2.9774;81.604;106.023;15.000;0.000;0.000;0.000;0.000;0.000;0.000;0.000;3.4372;79.808;107.998;13.000;0.000;0.000;0.000;0.000;0.000;19440.000;370.000;3.4372;79.808;107.998;13.000;0.000;0.000;0.000;0.000;0.000;19440.000;370.000;3.0431;80.913;105.871;8.000;9.000;1.869;0.000;1.818;0.051;0.000;0.000
142;0.6085;1.1655;1.5526;0.6895;0.7155;0.9298;1.5231;2.9207;81.425;105.379;13.000;0.000;0.000;0.000;0.000;0.000;0.000;0.000;4.3244;78.765;114.231;8.000;0.000;0.000;0.000;0.000;0.000;31143.000;0.000;3.0667;79.844;104.995;11.000;4.000;0.119;0.000;0.119;0.000;0.000;0.000;3.0667;79.844;104.995;11.000;4.000;0.119;0.000;0.119;0.000;0.000;0.000
143;0.5716;1.3236;1.1121;1.3367;0.6192;1.9058;0.6203;2.9601;46.133;70.410;7.000;0.000;0.000;0.000;0.000;0.000;0.000;0.000;3.4784;45.154;73.682;4.000;0.000;0.000;0.000;0.000;0.000;8365.000;2806.000;3.0287;45.798;70.638;8.000;4.000;1.212;0.000;1.212;0.000;0.000;1008.000;2.9918;45.893;70.430;8.000;5.000;0.954;0.000;0.443;0.510;0.000;0.000
144;1.5678;0.5064;1.3557;0.7628;0.8449;1.6927;0.8627;2.9370;59.038;83.125;12.000;0.000;0.000;0.000;0.000;0.000;0.000;0.000;3.4562;56.681;85.026;9.000;0.000;0.000;0.000;0.000;0.000;17168.000;1868.000;3.4562;56.681;85.026;9.000;0.000;0.000;0.000;0.000;0.000;17168.000;1868.000;3.0644;57.999;83.131;12.000;9.000;2.157;0.000;2.154;0.002;0.000;0.000
145;1.0482;1.1750;0.5081;1.3039;1.8630;0.8726;1.6074;2.8863;83.248;106.920;13.000;0.000;0.000;0.000;0.000;0.000;0.000;0.000;3.6733;80.363;110.489;10.000;0.000;0.000;0.000;0.000;0.000;23095.000;0.000;3.0946;80.752;106.132;11.000;4.000;1.532;0.000;1.532;0.000;0.000;0.000;3.1143;80.890;106.432;10.000;3.000;0.075;0.000;0.075;0.000;0.000;0.000
146;0.6871;1.0659;0.7024;0.6669;1.2088;0.5202;1.9719;2.8199;96.948;120.075;15.000;0.000;0.000;0.000;0.000;0.000;0.000;0.000;2.8745;96.720;120.295;12.000;0.000;0.000;0.000;0.000;0.000;1377.000;0.000;2.8104;96.542;119.591;14.000;4.000;1.858;0.000;1.858;0.000;0.000;0.000;2.8745;96.720;120.295;12.000;0.000;0.000;0.000;0.000;0.000;1377.000;0.000
147;1.3216;0.7260;1.1558;0.5396;1.2567;1.6096;1.5322;2.9758;87.193;111.598;15.000;0.000;0.000;0.000;0.000;0.000;0.000;0.000;3.6379;84.298;114.134;12.000;0.000;0.000;0.000;0.000;0.000;22480.000;259.000;3.6379;84.298;114.134;12.000;0.000;0.000;0.000;0.000;0.000;22480.000;259.000;3.1264;85.487;111.128;12.000;6.000;0.842;0.000;0.842;0.000;0.000;162.000
148;0.5979;0.6138;1.2452;0.7423;1.8144;1.1034;1.0919;2.9881;62.209;86.716;11.000;0.000;0.000;0.000;0.000;0.000;0.000;0.000;3.2677;61.208;88.008;8.000;0.000;0.000;0.000;0.000;0.000;8616.000;0.000;3.0672;61.509;86.664;9.000;4.000;0.834;0.000;0.834;0.000;0.000;0.000;3.0772;61.565;86.802;8.000;2.000;0.016;0.000;0.016;0.000;23.000;0.000
149;1.4329;1.7000;0.9486;1.0896;0.5568;1.8011;1.7277;2.9627;97.054;121.352;17.000;0.000;0.000;0.000;0.000;0.000;0.000;0.000;3.6578;92.872;122.871;12.000;0.000;0.000;0.000;0.000;0.000;14489.000;934.000;3.6578;92.872;122.871;12.000;0.000;0.000;0.000;0.000;0.000;14489.000;934.000;3.2742;93.626;120.479;13.000;7.000;1.579;0.000;1.104;0.475;0.000;0.000
150;0.5395;0.8139;1.7241;1.1276;0.7788;0.8159;1.2565;2.8661;68.942;92.448;13.000;0.000;0.000;0.000;0.000;0.000;0.000;0.000;3.2493;66.697;93.345;9.000;0.000;0.000;0.000;0.000;0.000;5038.000;0.000;3.2493;66.697;93.345;9.000;0.000;0.000;0.000;0.000;0.000;5038.000;0.000;3.1709;66.790;92.796;6.000;6.000;1.338;0.000;1.338;0.000;0.000;0.000
151;1.3000;0.6138;0.9292;1.5905;1.5881;1.3174;1.5335;2.9954;84.834;109.401;15.000;0.000;0.000;0.000;0.000;0.000;0.000;0.000;3.6162;82.498;112.156;10.000;0.000;0.000;0.000;0.000;0.000;9314.000;4549.000;3.6037;82.950;112.505;11.000;1.000;0.005;0.000;0.005;0.000;724.000;4237.000;3.1601;83.159;109.076;12.000;2.000;0.241;0.000;0.005;0.237;724.000;0.000
152;1.2954;1.5941;0.8186;0.5518;0.5705;1.1385;0.5088;2.9403;37.129;61.243;7.000;0.000;0.000;0.000;0.000;0.000;0.000;0.000;3.6010;35.428;64.961;6.000;0.000;0.000;0.000;0.000;0.000;26557.000;0.000;3.0085;36.885;61.559;7.000;4.000;0.250;0.000;0.250;0.000;0.000;0.000;3.0085;36.885;61.559;7.000;4.000;0.250;0.000;0.250;0.000;0.000;0.000
153;1.6044;0.6505;1.5515;0.8187;0.5796;0.8348;0.5063;2.8511;37.807;61.190;10.000;0.000;0.000;0.000;0.000;0.000;0.000;0.000;3.5767;36.100;65.434;6.000;0.000;0.000;0.000;0.000;0.000;25755.000;0.000;3.5767;36.100;65.434;6.000;0.000;0.000;0.000;0.000;0.000;25755.000;0.000;2.9024;37.458;61.261;10.000;8.000;1.497;0.000;1.497;0.000;0.000;0.000
154;0.6605;0.6124;1.9336;0.9115;1.0701;0.5404;0.5427;2.7527;36.158;58.735;8.000;0.000;0.000;0.000;0.000;0.000;0.000;0.000;3.5196;34.264;63.130;7.000;0.000;0.000;0.000;0.000;0.000;32258.000;0.000;3.5196;34.264;63.130;7.000;0.000;0.000;0.000;0.000;0.000;32258.000;0.000;2.8928;35.586;59.311;6.000;6.000;0.456;0.000;0.456;0.000;0.000;0.000
155;1.1510;0.7987;0.7545;0.6270;1.4305;1.8457;0.8338;2.9232;56.005;79.979;10.000;0.000;0.000;0.000;0.000;0.000;0.000;0.000;3.6498;54.342;84.275;8.000;0.000;0.000;0.000;0.000;0.000;6304.000;8488.000;3.1795;55.025;81.102;5.000;4.000;0.840;0.000;0.840;0.000;0.000;3736.000;3.0128;55.275;79.984;5.000;5.000;1.064;0.000;0.745;0.319;0.000;0.000
156;0.8423;0.7497;0.6373;0.7732;1.5619;0.5613;1.5577;2.8178;78.639;101.749;13.000;0.000;0.000;0.000;0.000;0.000;0.000;0.000;3.3458;76.786;104.226;10.000;0.000;0.000;0.000;0.000;0.000;13754.000;0.000;2.9512;76.792;100.996;11.000;4.000;1.678;0.000;1.678;0.000;0.000;0.000;2.9752;76.911;101.312;10.000;3.000;0.254;0.000;0.254;0.000;0.000;0.000
157;0.5396;1.0537;1.4470;0.8003;1.6847;1.4387;1.2160;2.9680;70.643;94.985;12.000;0.000;0.000;0.000;0.000;0.000;0.000;0.000;4.2872;67.602;102.764;8.000;0.000;0.000;0.000;0.000;0.000;17267.000;6562.000;3.8421;68.352;99.863;10.000;4.000;0.514;0.000;0.514;0.000;0.000;8169.000;3.2342;68.828;95.354;10.000;5.000;0.546;0.000;0.514;0.032;0.000;0.000
158;0.8232;0.6039;1.1411;0.6636;1.6917;1.6916;0.9931;2.9453;62.300;86.455;11.000;0.000;0.000;0.000;0.000;0.000;0.000;0.000;3.3730;60.766;88.429;9.000;0.000;0.000;0.000;0.000;0.000;12901.000;8175.000;3.5993;61.540;91.059;9.000;4.000;0.794;0.000;0.794;0.000;0.000;8365.000;2.9741;62.090;86.482;10.000;5.000;0.608;0.000;0.586;0.022;0.000;0.000
159;1.3012;1.3698;0.8045;0.6186;0.9059;1.0047;1.3072;2.9527;72.022;96.238;12.000;0.000;0.000;0.000;0.000;0.000;0.000;0.000;3.9266;71.010;103.214;8.000;0.000;0.000;0.000;0.000;0.000;25862.000;0.000;2.9506;71.953;96.152;11.000;4.000;0.267;0.000;0.267;0.000;0.000;0.000;2.9506;71.953;96.152;11.000;4.000;0.267;0.000;0.267;0.000;0.000;0.000
160;1.2909;0.5399;1.7950;0.6645;0.6913;0.5657;0.9946;2.7776;57.928;80.708;12.000;0.000;0.000;0.000;0.000;0.000;0.000;0.000;3.6108;56.783;86.397;6.000;0.000;0.000;0.000;0.000;0.000;21697.000;0.000;3.6108;56.783;86.397;6.000;0.000;0.000;0.000;0.000;0.000;21697.000;0.000;2.8154;57.565;80.655;12.000;8.000;1.650;0.000;1.650;0.000;0.000;0.000
161;1.8009;1.2529;0.9881;1.6455;1.8649;1.0884;1.5011;2.9464;83.289;107.453;15.000;0.000;0.000;0.000;0.000;0.000;0.000;0.000;3.1621;81.329;107.263;12.000;0.000;0.000;0.000;0.000;0.000;9966.000;0.000;3.1621;81.329;107.263;12.000;0.000;0.000;0.000;0.000;0.000;9966.000;0.000;3.1175;81.718;107.286;12.000;1.000;0.006;0.000;0.006;0.000;1333.000;0.000
162;1.9528;0.5208;1.1252;1.2986;1.0636;0.7617;0.7242;2.8355;46.955;70.211;10.000;0.000;0.000;0.000;0.000;0.000;0.000;0.000;3.4120;45.246;73.229;8.000;0.000;0.000;0.000;0.000;0.000;21007.000;0.000;3.4120;45.246;73.229;8.000;0.000;0.000;0.000;0.000;0.000;21007.000;0.000;2.9539;46.150;70.376;8.000;8.000;1.744;0.000;1.744;0.000;0.000;0.000
163;1.7056;1.6952;0.6051;1.4031;1.3179;0.9486;0.8675;2.9045;52.550;76.370;10.000;0.000;0.000;0.000;0.000;0.000;0.000;0.000;3.3609;51.224;78.788;4.000;0.000;0.000;0.000;0.000;0.000;9021.000;0.000;3.3609;51.224;78.788;4.000;0.000;0.000;0.000;0.000;0.000;9021.000;0.000;3.0321;51.491;76.359;9.000;6.000;1.327;0.000;1.327;0.000;0.000;0.000
164;0.7836;1.3517;0.9362;1.2794;1.3176;1.9485;1.2897;2.9552;76.750;100.987;12.000;0.000;0.000;0.000;0.000;0.000;0.000;0.000;4.0167;73.966;106.909;7.000;0.000;0.000;0.000;0.000;0.000;11125.000;3523.000;3.3259;74.305;101.582;11.000;4.000;1.223;0.000;1.223;0.000;0.000;4100.000;3.2911;74.224;101.216;8.000;5.000;0.679;0.000;0.358;0.321;0.000;0.000
165;0.5578;0.6799;1.1309;0.5175;0.9375;0.7642;0.6408;2.8472;39.405;62.756;7.000;0.000;0.000;0.000;0.000;0.000;0.000;0.000;3.4986;38.536;67.229;3.000;0.000;0.000;0.000;0.000;0.000;11892.000;0.000;2.9397;38.924;63.034;7.000;4.000;1.170;0.000;1.170;0.000;0.000;0.000;2.9472;38.970;63.141;7.000;4.000;0.425;0.000;0.425;0.000;0.000;0.000
166;0.5326;0.5118;0.6328;1.8364;0.7872;1.8336;0.5729;2.8942;42.403;66.140;6.000;0.000;0.000;0.000;0.000;0.000;0.000;0.000;3.1152;41.799;67.348;6.000;0.000;0.000;0.000;0.000;0.000;6705.000;1606.000;3.1949;41.831;68.034;8.000;4.000;2.427;0.000;2.427;0.000;0.000;5683.000;2.9127;42.300;66.188;6.000;3.000;0.352;0.000;0.146;0.206;0.000;0.000
167;1.1551;1.0410;1.2055;1.6188;0.8584;1.2576;0.6702;2.9712;46.101;70.469;10.000;0.000;0.000;0.000;0.000;0.000;0.000;0.000;3.1668;45.050;71.022;8.000;0.000;0.000;0.000;0.000;0.000;13169.000;0.000;3.1668;45.050;71.022;8.000;0.000;0.000;0.000;0.000;0.000;13169.000;0.000;3.0194;45.782;70.545;8.000;7.000;1.336;0.000;1.149;0.187;0.000;0.000
168;1.4861;1.0489;0.5589;0.7505;0.6028;1.4048;0.8752;2.9748;55.275;79.673;10.000;0.000;0.000;0.000;0.000;0.000;0.000;0.000;3.7422;53.069;83.760;8.000;0.000;0.000;0.000;0.000;0.000;19527.000;3058.000;3.3084;54.047;81.180;5.000;4.000;0.437;0.000;0.437;0.000;0.000;3827.000;3.1230;54.277;79.889;5.000;5.000;0.685;0.000;0.437;0.248;0.000;0.000
169;1.0329;1.1639;0.8383;1.9614;1.4201;1.2286;0.6173;3.0166;42.104;66.844;8.000;0.000;0.000;0.000;0.000;0.000;0.000;0.000;3.1031;41.799;67.249;7.000;0.000;0.000;0.000;0.000;0.000;2441.000;0.000;3.1359;41.770;67.489;7.000;4.000;0.806;0.000;0.806;0.000;0.000;2004.000;3.1031;41.799;67.249;7.000;0.000;0.000;0.000;0.000;0.000;2441.000;0.000
170;0.8362;0.8458;1.3264;0.5597;0.6071;1.5034;0.8495;2.9616;55.134;79.424;10.000;0.000;0.000;0.000;0.000;0.000;0.000;0.000;3.8396;52.249;83.739;8.000;0.000;0.000;0.000;0.000;0.000;30422.000;2798.000;3.4687;53.897;82.345;5.000;4.000;0.135;0.000;0.135;0.000;0.000;6398.000;3.0866;54.354;79.668;5.000;5.000;0.266;0.000;0.135;0.131;0.000;0.000
171;0.7572;0.5784;0.5622;0.8938;0.9460;1.9183;1.2560;2.9417;73.785;97.911;11.000;0.000;0.000;0.000;0.000;0.000;0.000;0.000;3.6911;71.060;101.333;8.000;0.000;0.000;0.000;0.000;0.000;13809.000;4893.000;3.2233;71.483;97.919;10.000;4.000;2.054;0.000;2.054;0.000;0.000;693.000;3.2295;71.683;98.170;6.000;4.000;0.710;0.000;0.198;0.512;0.000;0.000
172;0.6802;1.2892;0.5089;1.4036;0.7713;1.2824;1.8800;3.0116;97.297;121.996;15.000;0.000;0.000;0.000;0.000;0.000;0.000;0.000;3.8540;92.218;123.826;10.000;0.000;0.000;0.000;0.000;0.000;12054.000;0.000;3.7413;92.155;122.839;11.000;4.000;2.319;0.000;2.319;0.000;0.000;7262.000;3.5928;92.575;122.041;8.000;3.000;0.140;0.000;0.096;0.045;0.000;0.000
173;1.9700;1.0793;0.5508;0.5447;0.7283;0.5698;0.7452;2.7805;45.094;67.899;9.000;0.000;0.000;0.000;0.000;0.000;0.000;0.000;3.4339;43.431;71.594;8.000;0.000;0.000;0.000;0.000;0.000;26412.000;0.000;3.4339;43.431;71.594;8.000;0.000;0.000;0.000;0.000;0.000;26412.000;0.000;2.9229;44.303;68.275;8.000;6.000;0.736;0.000;0.736;0.000;0.000;0.000
174;1.7067;0.7657;0.7894;1.5823;1.4358;0.7820;1.0033;2.8454;58.074;81.411;11.000;0.000;0.000;0.000;0.000;0.000;0.000;0.000;3.3247;56.863;84.130;9.000;0.000;0.000;0.000;0.000;0.000;24401.000;0.000;3.3247;56.863;84.130;9.000;0.000;0.000;0.000;0.000;0.000;24401.000;0.000;2.8927;57.682;81.407;6.000;6.000;0.797;0.000;0.797;0.000;0.000;0.000
175;1.0869;1.3620;0.6020;1.4210;0.5720;1.1284;1.8537;2.9807;96.320;120.766;14.000;0.000;0.000;0.000;0.000;0.000;0.000;0.000;3.8389;91.426;122.911;10.000;0.000;0.000;0.000;0.000;0.000;11820.000;0.000;3.4874;91.723;120.324;11.000;4.000;1.232;0.000;1.232;0.000;0.000;0.000;3.5186;91.808;120.665;8.000;4.000;0.468;0.000;0.468;0.000;0.000;0.000
176;0.6341;1.4632;0.8602;0.6906;1.0192;0.6512;0.9269;2.8256;50.942;74.116;8.000;0.000;0.000;0.000;0.000;0.000;0.000;0.000;3.3932;49.350;77.179;7.000;0.000;0.000;0.000;0.000;0.000;16350.000;0.000;3.0107;49.657;74.349;4.000;4.000;1.611;0.000;1.611;0.000;0.000;0.000;3.0186;49.754;74.510;7.000;3.000;0.206;0.000;0.206;0.000;0.000;0.000
177;1.1265;1.4556;1.5454;1.7133;0.9810;1.7764;1.7318;2.9661;98.004;122.330;18.000;0.000;0.000;0.000;0.000;0.000;0.000;0.000;4.3573;92.181;127.918;12.000;0.000;0.000;0.000;0.000;0.000;30739.000;6905.000;4.3573;92.181;127.918;12.000;0.000;0.000;0.000;0.000;0.000;30739.000;6905.000;3.2863;94.567;121.520;13.000;7.000;0.787;0.000;0.275;0.512;0.000;0.000
178;0.9845;0.5820;0.8289;1.4060;1.0874;0.6482;1.6498;2.8148;84.527;107.612;14.000;0.000;0.000;0.000;0.000;0.000;0.000;0.000;3.6883;81.244;111.494;10.000;0.000;0.000;0.000;0.000;0.000;23416.000;0.000;3.0751;81.656;106.876;11.000;4.000;0.927;0.000;0.927;0.000;0.000;0.000;3.0989;81.734;107.149;8.000;4.000;0.098;0.000;0.098;0.000;0.000;0.000
179;1.2242;0.5975;1.5586;1.0205;0.8208;1.0334;1.0573;2.9485;62.856;87.037;12.000;0.000;0.000;0.000;0.000;0.000;0.000;0.000;3.0963;61.804;87.198;6.000;0.000;0.000;0.000;0.000;0.000;9610.000;0.000;3.0963;61.804;87.198;6.000;0.000;0.000;0.000;0.000;0.000;9610.000;0.000;3.0551;62.237;87.293;6.000;1.000;0.004;0.000;0.004;0.000;952.000;0.000
180;1.9401;1.2916;0.7307;0.8914;0.5839;0.8178;1.5313;2.8680;82.402;105.924;15.000;0.000;0.000;0.000;0.000;0.000;0.000;0.000;3.7675;79.459;110.358;11.000;0.000;0.000;0.000;0.000;0.000;37120.000;0.000;3.7675;79.459;110.358;11.000;0.000;0.000;0.000;0.000;0.000;37120.000;0.000;3.0321;80.698;105.565;12.000;6.000;0.307;0.000;0.307;0.000;0.000;0.000
181;0.8757;1.5361;0.7737;1.1859;0.5537;0.6017;0.8812;2.7905;49.190;72.076;8.000;0.000;0.000;0.000;0.000;0.000;0.000;0.000;3.0437;47.925;72.887;7.000;0.000;0.000;0.000;0.000;0.000;8340.000;0.000;2.9362;48.072;72.153;4.000;4.000;1.288;0.000;1.288;0.000;0.000;0.000;2.9385;48.147;72.247;8.000;4.000;0.545;0.000;0.545;0.000;0.000;0.000
182;1.7820;1.3416;0.6786;0.7553;0.5321;1.2166;1.8589;3.0055;99.047;123.696;16.000;0.000;0.000;0.000;0.000;0.000;0.000;0.000;4.0829;93.738;127.223;11.000;0.000;0.000;0.000;0.000;0.000;21446.000;0.000;4.0829;93.738;127.223;11.000;0.000;0.000;0.000;0.000;0.000;21446.000;0.000;3.5445;94.485;123.555;12.000;6.000;0.927;0.000;0.927;0.000;0.000;0.000
183;1.2180;1.4249;0.8465;1.4744;0.9858;1.3384;0.7157;2.9700;47.879;72.237;9.000;0.000;0.000;0.000;0.000;0.000;0.000;0.000;4.1310;46.007;79.887;4.000;0.000;0.000;0.000;0.000;0.000;22020.000;0.000;3.7598;46.871;77.706;8.000;4.000;0.371;0.000;0.371;0.000;0.000;7168.000;3.0751;47.311;72.531;9.000;5.000;0.460;0.000;0.371;0.089;0.000;0.000
184;1.3282;0.6913;0.7964;0.7417;0.9175;0.6741;1.1553;2.8075;63.260;86.286;11.000;0.000;0.000;0.000;0.000;0.000;0.000;0.000;3.8520;60.997;92.589;8.000;0.000;0.000;0.000;0.000;0.000;27280.000;0.000;3.0002;61.852;86.458;9.000;4.000;0.222;0.000;0.222;0.000;0.000;0.000;3.0002;61.852;86.458;9.000;4.000;0.222;0.000;0.222;0.000;0.000;0.000
185;1.2237;0.6856;1.4574;1.2555;1.8875;1.6600;1.8574;2.9721;102.769;127.144;18.000;0.000;0.000;0.000;0.000;0.000;0.000;0.000;4.7799;96.029;135.231;12.000;0.000;0.000;0.000;0.000;0.000;32995.000;4403.000;4.7799;96.029;135.231;12.000;0.000;0.000;0.000;0.000;0.000;32995.000;4403.000;3.4941;98.267;126.923;13.000;7.000;0.350;0.000;0.267;0.083;0.000;0.000
186;1.7948;1.7559;1.9554;1.8801;0.8197;0.6008;1.8156;2.8052;96.833;119.840;19.000;0.000;0.000;0.000;0.000;0.000;0.000;0.000;3.5480;92.369;121.468;8.000;0.000;0.000;0.000;0.000;0.000;4470.000;0.000;3.5480;92.369;121.468;8.000;0.000;0.000;0.000;0.000;0.000;4470.000;0.000;3.5480;92.369;121.468;8.000;0.000;0.000;0.000;0.000;0.000;4470.000;0.000
187;0.7714;1.6597;1.9877;1.1829;0.7438;1.2553;1.6132;3.0124;89.439;114.145;17.000;0.000;0.000;0.000;0.000;0.000;0.000;0.000;3.4808;86.079;114.626;12.000;0.000;0.000;0.000;0.000;0.000;17507.000;0.000;3.4808;86.079;114.626;12.000;0.000;0.000;0.000;0.000;0.000;17507.000;0.000;3.2334;87.028;113.547;12.000;4.000;0.298;0.000;0.024;0.274;204.000;0.000
188;0.6331;1.6866;1.3542;1.7980;0.8076;1.7663;0.6454;2.9378;47.323;71.417;9.000;0.000;0.000;0.000;0.000;0.000;0.000;0.000;4.3318;45.296;80.823;5.000;0.000;0.000;0.000;0.000;0.000;17290.000;7172.000;3.0581;46.822;71.903;8.000;4.000;0.523;0.000;0.523;0.000;0.000;407.000;3.0581;46.822;71.903;8.000;4.000;0.523;0.000;0.523;0.000;0.000;407.000
189;1.3682;1.8174;1.0751;0.6161;1.8960;1.1286;0.7324;2.9471;48.011;72.182;9.000;0.000;0.000;0.000;0.000;0.000;0.000;0.000;3.3956;46.246;74.095;8.000;0.000;0.000;0.000;0.000;0.000;20943.000;0.000;3.3956;46.246;74.095;8.000;0.000;0.000;0.000;0.000;0.000;20943.000;0.000;3.0889;47.276;72.610;8.000;6.000;0.926;0.000;0.926;0.000;0.000;0.000
190;1.7892;1.5725;1.8362;1.2262;0.6772;1.1460;1.0113;2.9716;63.947;88.318;14.000;0.000;0.000;0.000;0.000;0.000;0.000;0.000;4.6740;60.201;98.534;6.000;0.000;0.000;0.000;0.000;0.000;50114.000;0.000;4.6740;60.201;98.534;6.000;0.000;0.000;0.000;0.000;0.000;50114.000;0.000;3.0213;63.577;88.355;12.000;8.000;0.218;0.000;0.218;0.000;0.000;0.000
191;1.0107;0.5100;0.7143;0.7263;0.5649;0.8452;0.9314;2.8920;52.981;76.699;8.000;0.000;0.000;0.000;0.000;0.000;0.000;0.000;3.3526;51.251;78.747;7.000;0.000;0.000;0.000;0.000;0.000;15089.000;0.000;3.0841;51.668;76.962;4.000;4.000;1.138;0.000;1.138;0.000;0.000;0.000;3.0827;51.735;77.017;8.000;4.000;0.353;0.000;0.353;0.000;0.000;0.000
192;1.2941;1.0276;0.9379;0.6123;0.6936;0.7795;0.6143;2.8600;39.701;63.157;8.000;0.000;0.000;0.000;0.000;0.000;0.000;0.000;2.9297;39.459;63.486;7.000;0.000;0.000;0.000;0.000;0.000;1798.000;0.000;2.9297;39.459;63.486;7.000;0.000;0.000;0.000;0.000;0.000;1798.000;0.000;2.9297;39.459;63.486;7.000;0.000;0.000;0.000;0.000;0.000;1798.000;0.000
193;0.7142;0.8756;0.6884;0.7122;1.4818;0.8267;0.8496;2.8572;48.564;71.997;8.000;0.000;0.000;0.000;0.000;0.000;0.000;0.000;3.0030;47.699;72.328;7.000;0.000;0.000;0.000;0.000;0.000;2889.000;0.000;2.9620;47.637;71.929;4.000;4.000;1.836;0.000;1.836;0.000;0.000;0.000;2.9679;47.727;72.068;7.000;3.000;0.437;0.000;0.437;0.000;0.000;0.000
194;1.4786;1.4504;1.3498;1.1193;0.5458;1.6472;1.1924;2.9373;73.329;97.419;14.000;0.000;0.000;0.000;0.000;0.000;0.000;0.000;3.6410;70.736;100.598;7.000;0.000;0.000;0.000;0.000;0.000;10420.000;2612.000;3.6410;70.736;100.598;7.000;0.000;0.000;0.000;0.000;0.000;10420.000;2612.000;3.1988;71.411;97.646;12.000;3.000;0.932;0.000;0.587;0.345;2712.000;0.000
195;1.8412;0.6427;0.5880;1.7462;0.7741;1.8915;1.4266;2.9403;84.350;108.464;15.000;0.000;0.000;0.000;0.000;0.000;0.000;0.000;3.6314;81.981;111.764;11.000;0.000;0.000;0.000;0.000;0.000;15169.000;8106.000;3.4813;82.005;110.557;12.000;1.000;0.155;0.000;0.155;0.000;14923.000;8106.000;3.0077;83.342;108.010;12.000;7.000;1.562;0.000;1.018;0.545;0.000;0.000
196;0.6830;1.1918;0.8026;1.5592;1.2197;1.3744;0.7436;2.9729;47.815;72.197;8.000;0.000;0.000;0.000;0.000;0.000;0.000;0.000;3.6750;45.998;76.139;6.000;0.000;0.000;0.000;0.000;0.000;14166.000;7766.000;3.3248;46.834;74.101;9.000;4.000;1.651;0.000;1.651;0.000;0.000;2940.000;3.0859;47.072;72.380;8.000;4.000;0.522;0.000;0.244;0.278;0.000;0.000
197;0.5155;0.8866;1.3508;1.7713;0.7663;0.9447;1.6973;2.9147;88.484;112.389;14.000;0.000;0.000;0.000;0.000;0.000;0.000;0.000;3.3569;85.399;112.931;8.000;0.000;0.000;0.000;0.000;0.000;2609.000;0.000;3.2235;85.453;111.890;11.000;4.000;0.771;0.000;0.771;0.000;0.000;0.000;3.2235;85.453;111.890;11.000;4.000;0.771;0.000;0.771;0.000;0.000;0.000
198;0.7082;1.2855;1.7014;1.1981;0.5870;1.2350;0.5297;2.9809;39.739;64.186;8.000;0.000;0.000;0.000;0.000;0.000;0.000;0.000;3.3118;38.163;65.325;7.000;0.000;0.000;0.000;0.000;0.000;17774.000;0.000;3.3118;38.163;65.325;7.000;0.000;0.000;0.000;0.000;0.000;17774.000;0.000;3.0903;39.275;64.620;6.000;6.000;0.971;0.000;0.971;0.000;0.000;0.000
199;0.7389;1.7037;1.3459;0.6737;1.3044;1.1074;1.5348;2.9685;82.881;107.227;13.000;0.000;0.000;0.000;0.000;0.000;0.000;0.000;4.3032;80.237;115.530;8.000;0.000;0.000;0.000;0.000;0.000;24614.000;0.000;3.1305;81.222;106.897;11.000;4.000;0.294;0.000;0.294;0.000;0.000;0.000;3.1305;81.222;106.897;11.000;4.000;0.294;0.000;0.294;0.000;0.000;0.000

## Cout total (kEUR) a C_visite = 0.5 kEUR/intervention
policy;mean;std;P5;P50;P95;CVaR90;LPSP_mean;nint_mean;waste_mean;outage_h_mean
instant;95.143;20.776;65.650;93.167;130.399;131.952;2.9146;11.62;0.000;0
corrective;97.066;20.613;67.918;96.167;133.271;133.832;3.6196;8.27;0.000;19523
calendar;96.437;20.610;66.700;96.184;132.758;133.703;3.4033;8.86;0.568;11685
rul;94.540;19.848;66.944;92.935;128.819;129.600;3.0720;9.06;0.665;208
# differences appariees CRN (negatif = 1er gagne)
paire;mean;std;P5;P95;pct_gagne
rul - corrective;-2.526;2.476;-6.842;1.230;81.5%
rul - calendar;-1.897;2.320;-6.368;1.310;72.0%
calendar - corrective;-0.629;2.106;-5.291;2.154;35.5%
rul - instant;-0.603;1.346;-2.743;1.561;61.0%

## Cout total (kEUR) a C_visite = 1.5 kEUR/intervention
policy;mean;std;P5;P50;P95;CVaR90;LPSP_mean;nint_mean;waste_mean;outage_h_mean
instant;106.763;23.711;73.226;105.313;147.729;148.790;2.9146;11.62;0.000;0
corrective;105.331;22.347;73.948;103.659;142.445;144.982;3.6196;8.27;0.000;19523
calendar;105.292;22.536;73.700;104.752;142.513;145.553;3.4033;8.86;0.568;11685
rul;103.600;21.348;73.458;101.407;140.119;140.792;3.0720;9.06;0.665;208
# differences appariees CRN (negatif = 1er gagne)
paire;mean;std;P5;P95;pct_gagne
rul - corrective;-1.731;3.522;-7.762;4.231;66.5%
rul - calendar;-1.692;3.647;-7.762;4.926;61.5%
calendar - corrective;-0.039;2.419;-4.654;4.237;26.5%
rul - instant;-3.163;3.598;-9.105;1.650;80.0%

## Cout total (kEUR) a C_visite = 3.0 kEUR/intervention
policy;mean;std;P5;P50;P95;CVaR90;LPSP_mean;nint_mean;waste_mean;outage_h_mean
instant;124.193;28.177;83.726;123.167;172.849;174.199;2.9146;11.62;0.000;0
corrective;117.729;25.121;84.095;115.468;159.582;161.733;3.6196;8.27;0.000;19523
calendar;118.574;25.600;83.639;116.829;160.593;163.328;3.4033;8.86;0.568;11685
rul;117.190;23.828;82.932;113.079;156.553;158.273;3.0720;9.06;0.665;208
# differences appariees CRN (negatif = 1er gagne)
paire;mean;std;P5;P95;pct_gagne
rul - corrective;-0.539;6.674;-12.729;10.143;48.5%
rul - calendar;-1.384;6.865;-12.518;11.322;55.5%
calendar - corrective;0.846;4.198;-8.452;8.299;16.5%
rul - instant;-7.003;7.071;-19.328;1.654;82.0%
