# Valeur de la RUL -- maintenance insulaire (fenetres de visite + cout fixe)
# horizon=25 ans | N_MC=200 | mult U_log[0.50,2.00] | seed=2026 | VoLL=3.0 | Tvisite=6m | marge=1
# strategie de conduite FIXE : RB2(SoH) ; politiques : ['instant', 'corrective', 'calendar', 'rul']
# ages calendaires de ref (nominal x 1.00) : {'bat': 3.89, 'fc': 5.52, 'ely': None}
# cout total = uni0 + C_visite*n_interventions + gaspillage ; C_visite en post-proc
# TEST NUL instant==base : OK (ecart 0.000e+00 kEUR)

## Points nominaux (multiplicateurs = 1)
policy;lpsp;deg;uni0;nint;nprev;waste;outfc;outely
instant;2.9099;58.024;81.889;10.000;0.000;0.000;0.000;0.000
corrective;3.3164;57.119;84.319;8.000;0.000;0.000;16358.000;0.000
calendar;2.8577;58.524;81.962;11.000;11.000;4.374;0.000;0.000
rul;2.8577;58.524;81.962;11.000;11.000;4.374;0.000;0.000

## Tirages (mondes perturbes, 200 complets)
draw;m_fc_a;m_fc_b;m_fc_s;m_ely_a;m_ely_b;m_ely_s;m_bat;instant_lpsp;instant_deg;instant_uni0;instant_nint;instant_nprev;instant_waste;instant_outfc;instant_outely;corrective_lpsp;corrective_deg;corrective_uni0;corrective_nint;corrective_nprev;corrective_waste;corrective_outfc;corrective_outely;calendar_lpsp;calendar_deg;calendar_uni0;calendar_nint;calendar_nprev;calendar_waste;calendar_outfc;calendar_outely;rul_lpsp;rul_deg;rul_uni0;rul_nint;rul_nprev;rul_waste;rul_outfc;rul_outely
0;0.6408;1.2140;0.9556;0.8357;0.8178;1.4959;1.7536;2.9521;94.154;118.365;15.000;0.000;0.000;0.000;0.000;3.1762;92.430;118.479;13.000;0.000;0.000;1550.000;771.000;3.2257;92.346;118.802;14.000;4.000;1.082;0.000;2305.000;2.9274;95.137;119.145;15.000;15.000;7.737;215.000;0.000
1;0.6394;1.2359;0.7561;1.9105;1.7897;1.2073;1.4196;3.0084;76.774;101.447;12.000;0.000;0.000;0.000;0.000;3.0960;75.966;101.358;10.000;0.000;0.000;1593.000;0.000;3.0844;75.894;101.190;12.000;4.000;1.535;0.000;0.000;2.9470;77.455;101.625;10.000;11.000;5.040;164.000;0.000
2;1.0212;1.5711;0.9309;0.7998;0.7350;0.6843;1.0364;2.8267;57.482;80.665;10.000;0.000;0.000;0.000;0.000;3.1668;56.631;82.604;8.000;0.000;0.000;12416.000;0.000;2.7834;57.805;80.633;11.000;11.000;3.034;0.000;0.000;2.7834;57.805;80.633;11.000;11.000;3.034;0.000;0.000
3;0.9087;1.2538;0.5090;0.9301;0.8295;0.6556;1.1406;2.8093;60.548;83.589;10.000;0.000;0.000;0.000;0.000;2.9055;60.133;83.962;10.000;0.000;0.000;5217.000;0.000;2.8316;60.106;83.329;11.000;4.000;1.509;0.000;0.000;2.7537;61.310;83.894;10.000;11.000;6.110;0.000;0.000
4;0.9142;0.7578;0.6684;1.6809;1.5104;1.1594;0.8068;2.9652;49.382;73.701;8.000;0.000;0.000;0.000;0.000;3.0581;48.811;73.891;7.000;0.000;0.000;4128.000;0.000;2.7904;50.649;73.534;11.000;11.000;13.181;0.000;0.000;2.9181;49.802;73.734;8.000;6.000;2.080;113.000;0.000
5;1.8579;1.0918;0.9110;1.7422;0.7785;1.3122;0.7725;3.0073;51.956;76.620;11.000;0.000;0.000;0.000;0.000;3.3685;51.194;78.820;9.000;0.000;0.000;8398.000;1153.000;2.9904;52.980;77.505;11.000;7.000;13.354;8398.000;1153.000;2.9068;52.649;76.489;12.000;8.000;3.354;105.000;243.000
6;0.7185;1.3210;0.6858;0.9905;1.1173;0.6497;1.3779;2.8130;71.054;94.124;11.000;0.000;0.000;0.000;0.000;2.9355;70.512;94.587;10.000;0.000;0.000;3515.000;0.000;2.8670;70.438;93.951;12.000;4.000;1.513;0.000;0.000;2.7497;71.913;94.465;9.000;12.000;6.486;0.000;0.000
7;1.0695;1.1835;0.8376;0.8953;0.9929;0.9592;1.2757;2.9064;69.809;93.645;12.000;0.000;0.000;0.000;0.000;3.1376;68.342;94.075;11.000;0.000;0.000;6690.000;0.000;3.0429;68.560;93.516;11.000;4.000;0.276;0.000;0.000;2.7976;71.088;94.032;13.000;13.000;10.318;0.000;0.000
8;1.1129;0.8904;0.5013;1.5032;1.0272;0.7863;0.9999;2.8355;55.592;78.847;9.000;0.000;0.000;0.000;0.000;2.9147;55.218;79.122;9.000;0.000;0.000;3545.000;0.000;2.7788;55.985;78.776;11.000;11.000;5.358;0.000;0.000;2.7833;56.075;78.902;10.000;10.000;4.528;0.000;0.000
9;0.5692;1.7525;1.9717;0.5424;0.8216;1.3757;0.7730;3.0136;51.619;76.335;10.000;0.000;0.000;0.000;0.000;3.2701;50.863;77.682;10.000;0.000;0.000;6804.000;2081.000;2.9641;52.654;76.964;13.000;7.000;13.354;6804.000;2081.000;2.9076;52.291;76.137;12.000;12.000;3.955;0.000;0.000
10;1.0974;0.8908;1.4625;1.8881;1.7133;1.1825;0.6244;3.0115;43.905;68.603;9.000;0.000;0.000;0.000;0.000;3.1410;43.380;69.141;8.000;0.000;0.000;7429.000;0.000;2.7682;45.283;67.986;12.000;7.000;19.659;7429.000;0.000;2.9749;44.115;68.513;8.000;10.000;1.547;0.000;0.000
11;1.8585;0.5167;0.7555;0.7388;1.2690;0.9826;0.5687;2.8921;40.134;63.853;8.000;0.000;0.000;0.000;0.000;3.1189;39.448;65.027;8.000;0.000;0.000;10816.000;0.000;2.6781;41.172;63.137;12.000;7.000;22.048;10816.000;0.000;2.8768;40.145;63.739;9.000;9.000;1.400;0.000;0.000
12;0.5090;1.1556;0.9883;1.1509;1.0928;1.7182;1.7861;2.9592;96.978;121.247;15.000;0.000;0.000;0.000;0.000;3.3219;94.656;121.900;11.000;0.000;0.000;5396.000;1864.000;3.2268;94.793;121.257;14.000;4.000;1.333;0.000;3380.000;2.9268;97.708;121.711;15.000;16.000;6.472;0.000;0.000
13;0.6491;1.8458;1.4901;1.2126;1.2477;1.0659;1.7833;2.9399;94.081;118.192;15.000;0.000;0.000;0.000;0.000;3.2808;91.710;118.618;13.000;0.000;0.000;12256.000;0.000;3.2808;91.710;118.618;13.000;0.000;0.000;12256.000;0.000;2.9237;94.847;118.826;14.000;16.000;6.485;0.000;0.000
14;0.6909;1.1476;1.5459;0.6027;1.1737;0.8740;1.4460;2.8815;77.875;101.507;14.000;0.000;0.000;0.000;0.000;3.0227;76.730;101.520;11.000;0.000;0.000;2610.000;0.000;3.0227;76.730;101.520;11.000;0.000;0.000;2610.000;0.000;2.8494;78.254;101.623;13.000;14.000;4.475;0.000;0.000
15;0.5492;1.1596;1.6405;1.1947;0.7806;1.2411;0.7990;3.0288;51.163;76.004;10.000;0.000;0.000;0.000;0.000;3.1387;49.958;75.700;8.000;0.000;0.000;15933.000;0.000;2.9271;51.662;75.669;11.000;7.000;12.209;15933.000;0.000;2.9319;51.667;75.713;10.000;10.000;2.580;0.000;0.000
16;1.2633;0.5974;0.7371;0.5232;0.5617;1.0789;0.6894;2.9355;44.559;68.635;8.000;0.000;0.000;0.000;0.000;3.6185;43.437;73.114;4.000;0.000;0.000;15761.000;0.000;2.6978;46.110;68.236;11.000;11.000;16.995;0.000;0.000;2.9230;44.658;68.631;4.000;8.000;0.705;0.000;0.000
17;1.0225;1.2476;1.6963;0.8180;0.7777;0.7724;0.5887;2.8427;39.929;63.243;9.000;0.000;0.000;0.000;0.000;3.1888;38.843;64.996;8.000;0.000;0.000;19358.000;0.000;2.6938;40.677;62.771;12.000;7.000;21.076;19358.000;0.000;2.8413;39.937;63.239;9.000;9.000;0.429;0.000;0.000
18;1.2539;1.5576;0.9633;1.0842;1.8881;1.3175;1.4045;3.0201;78.796;103.565;14.000;0.000;0.000;0.000;0.000;3.2481;77.855;104.494;12.000;0.000;0.000;4549.000;2830.000;3.2481;77.855;104.494;12.000;0.000;0.000;4549.000;2830.000;2.9496;79.637;103.827;10.000;11.000;5.556;435.000;0.000
19;1.7159;0.6744;1.2314;1.3517;1.6071;0.8053;1.2992;2.8901;72.621;96.325;14.000;0.000;0.000;0.000;0.000;3.0531;71.801;96.840;13.000;0.000;0.000;12661.000;0.000;3.0531;71.801;96.840;13.000;0.000;0.000;12661.000;0.000;2.7665;73.822;96.511;15.000;16.000;9.816;0.000;0.000
20;1.1557;0.8819;0.5757;0.8157;1.9013;0.6750;0.5853;2.8179;36.520;59.631;6.000;0.000;0.000;0.000;0.000;2.9667;36.324;60.655;6.000;0.000;0.000;2774.000;0.000;2.5103;38.120;58.708;11.000;11.000;22.123;0.000;0.000;2.7999;36.495;59.458;7.000;7.000;0.740;0.000;0.000
21;0.8324;0.5751;0.7242;1.7763;0.7779;1.1264;0.6962;2.9427;44.220;68.354;7.000;0.000;0.000;0.000;0.000;3.1559;43.296;69.180;7.000;0.000;0.000;9729.000;0.000;2.7142;45.643;67.903;11.000;11.000;17.835;0.000;0.000;2.9246;44.338;68.324;7.000;7.000;1.031;0.000;0.000
22;1.2622;0.5968;1.4945;0.8987;0.6450;1.4305;1.0782;3.0062;66.354;91.009;13.000;0.000;0.000;0.000;0.000;3.3397;64.314;91.704;12.000;0.000;0.000;20730.000;1154.000;3.3494;65.175;92.645;12.000;7.000;1.041;20730.000;1154.000;2.9683;66.604;90.948;14.000;14.000;1.466;0.000;0.000
23;0.9178;0.6980;1.4771;0.8296;0.5308;1.9063;0.5216;2.9164;43.737;67.655;9.000;0.000;0.000;0.000;0.000;3.3018;42.345;69.425;7.000;0.000;0.000;13240.000;3937.000;2.7652;44.009;66.687;12.000;7.000;24.077;13240.000;3937.000;2.8710;43.909;67.455;9.000;8.000;1.341;0.000;70.000
24;0.5909;0.9537;0.6670;0.7957;1.0982;1.8865;1.8310;2.9277;99.339;123.350;14.000;0.000;0.000;0.000;0.000;3.2636;96.908;123.675;11.000;0.000;0.000;2147.000;1040.000;3.3804;96.774;124.499;13.000;4.000;1.913;0.000;2744.000;2.9201;99.908;123.856;14.000;15.000;4.716;0.000;0.000
25;0.5539;1.6320;0.6310;1.5399;0.7540;1.3525;1.3543;2.9987;74.320;98.913;11.000;0.000;0.000;0.000;0.000;3.2790;73.683;100.575;11.000;0.000;0.000;2998.000;2716.000;3.3518;73.543;101.032;13.000;4.000;2.042;0.000;4348.000;2.9096;75.219;99.082;11.000;12.000;7.551;0.000;0.000
26;1.6257;1.9443;0.7325;1.1947;1.3933;0.5584;1.2535;2.8012;67.369;90.343;13.000;0.000;0.000;0.000;0.000;3.0989;66.004;91.419;11.000;0.000;0.000;14298.000;0.000;3.0989;66.004;91.419;11.000;0.000;0.000;14298.000;0.000;2.7897;67.677;90.557;11.000;13.000;1.957;0.000;0.000
27;0.7808;0.6254;1.0710;0.9485;1.1128;1.2174;0.9982;3.0069;59.076;83.737;10.000;0.000;0.000;0.000;0.000;3.0517;58.629;83.657;9.000;0.000;0.000;4589.000;0.000;2.9330;59.562;83.616;11.000;11.000;4.858;0.000;0.000;2.9388;59.575;83.677;11.000;8.000;4.434;527.000;0.000
28;1.7536;0.6399;0.7462;0.8193;1.4628;1.2347;0.6657;2.9948;45.874;70.436;9.000;0.000;0.000;0.000;0.000;3.0715;45.599;70.790;8.000;0.000;0.000;2086.000;0.000;2.7503;47.404;69.960;12.000;7.000;17.943;2086.000;0.000;2.9618;46.129;70.420;8.000;7.000;1.862;564.000;0.000
29;1.4034;1.4571;1.4545;0.5574;0.6710;1.7300;1.6922;2.9646;96.191;120.506;17.000;0.000;0.000;0.000;0.000;3.3963;94.422;122.276;16.000;0.000;0.000;7872.000;3128.000;3.3963;94.422;122.276;16.000;0.000;0.000;7872.000;3128.000;2.8848;97.518;121.178;19.000;20.000;10.768;0.000;0.000
30;0.6649;1.0738;0.7196;0.8904;0.5147;0.7389;0.7277;2.8290;42.450;65.652;7.000;0.000;0.000;0.000;0.000;2.9011;42.216;66.010;7.000;0.000;0.000;4773.000;0.000;2.5982;43.823;65.131;11.000;11.000;16.872;0.000;0.000;2.8277;42.496;65.687;7.000;5.000;1.585;422.000;0.000
31;1.7879;1.1297;0.6395;0.9045;0.9903;1.2098;1.0460;2.9966;62.602;87.179;11.000;0.000;0.000;0.000;0.000;3.3424;61.135;88.547;9.000;0.000;0.000;18472.000;0.000;3.1381;61.962;87.699;11.000;7.000;2.303;18472.000;0.000;2.9578;62.892;87.150;12.000;12.000;2.721;0.000;0.000
32;0.8963;0.7693;1.1096;1.9341;1.0762;1.7100;0.5107;2.8985;41.047;64.819;8.000;0.000;0.000;0.000;0.000;3.3172;39.635;66.841;7.000;0.000;0.000;14558.000;1937.000;2.5871;42.667;63.884;12.000;11.000;24.743;0.000;796.000;2.8811;41.091;64.720;8.000;8.000;0.579;0.000;0.000
33;0.6626;1.6581;1.1011;0.9829;0.8337;0.7529;1.2813;2.8525;68.432;91.827;12.000;0.000;0.000;0.000;0.000;3.2042;66.976;93.256;10.000;0.000;0.000;6734.000;0.000;2.9817;67.088;91.541;11.000;4.000;0.607;0.000;0.000;2.7471;69.679;92.209;13.000;13.000;10.039;0.000;0.000
34;0.8302;0.9141;1.4678;1.8562;1.9825;0.9793;0.6056;2.9202;40.875;64.825;8.000;0.000;0.000;0.000;0.000;3.0044;40.435;65.075;7.000;0.000;0.000;7606.000;0.000;2.6654;42.224;64.084;11.000;7.000;20.476;7606.000;0.000;2.8736;41.098;64.665;8.000;9.000;2.067;0.000;0.000
35;0.5176;0.9926;0.5558;0.5886;0.6924;1.9779;0.6261;2.9508;45.108;69.310;7.000;0.000;0.000;0.000;0.000;3.2017;44.570;70.828;6.000;0.000;0.000;4539.000;2782.000;2.7679;46.535;69.236;12.000;11.000;21.983;0.000;4313.000;2.9141;45.338;69.238;7.000;6.000;0.969;0.000;58.000
36;0.5825;1.7800;1.1844;1.3946;0.8176;1.8247;1.9348;2.9641;105.074;129.384;17.000;0.000;0.000;0.000;0.000;3.3932;102.065;129.893;13.000;0.000;0.000;6423.000;22.000;3.3653;102.084;129.684;14.000;4.000;0.697;0.000;4125.000;2.7746;108.165;130.921;17.000;21.000;25.717;0.000;0.000
37;1.0844;1.9638;1.0081;0.9199;1.4854;1.2214;0.6602;3.0017;44.514;69.132;8.000;0.000;0.000;0.000;0.000;3.2431;43.958;70.556;8.000;0.000;0.000;7578.000;0.000;2.7999;45.729;68.691;11.000;7.000;18.126;7578.000;0.000;2.9367;44.826;68.911;8.000;8.000;1.953;0.000;0.000
38;1.0209;0.5115;1.6833;1.0606;0.5331;1.8347;1.9984;2.9671;110.356;134.690;19.000;0.000;0.000;0.000;0.000;3.4685;108.642;137.089;17.000;0.000;0.000;17905.000;3920.000;3.4685;108.642;137.089;17.000;0.000;0.000;17905.000;3920.000;2.7977;113.301;136.246;21.000;23.000;23.174;0.000;0.000
39;1.3895;0.9092;1.1351;0.5071;0.5811;0.7911;0.8843;2.8576;52.827;76.264;10.000;0.000;0.000;0.000;0.000;3.1039;52.538;77.995;5.000;0.000;0.000;5103.000;0.000;2.7916;53.697;76.592;12.000;7.000;8.808;5103.000;0.000;2.8122;53.189;76.254;6.000;12.000;4.075;0.000;0.000
40;1.4259;0.6335;0.5873;1.3149;1.7125;1.6927;1.3985;2.9608;80.505;104.787;13.000;0.000;0.000;0.000;0.000;3.7738;79.085;110.036;9.000;0.000;0.000;13340.000;3218.000;3.0786;79.859;105.108;13.000;4.000;0.082;0.000;1766.000;2.8731;81.383;104.947;14.000;14.000;5.834;0.000;0.000
41;1.9550;1.0311;1.4630;0.8915;0.8159;1.7674;0.9084;2.9337;62.802;86.862;13.000;0.000;0.000;0.000;0.000;3.3307;61.372;88.689;13.000;0.000;0.000;14341.000;1110.000;3.3296;62.590;89.897;8.000;7.000;7.731;14341.000;1110.000;2.9009;63.095;86.887;12.000;15.000;3.414;0.000;0.000
42;1.4073;0.9959;0.5842;0.5962;1.0141;1.3336;1.3996;3.0326;77.909;102.780;13.000;0.000;0.000;0.000;0.000;3.6414;76.751;106.615;8.000;0.000;0.000;14605.000;0.000;3.2688;77.276;104.085;12.000;4.000;0.090;0.000;2197.000;2.9371;78.803;102.891;14.000;14.000;5.806;0.000;0.000
43;0.7963;0.5064;1.0473;0.6503;0.7793;1.0965;0.8607;2.9477;52.013;76.189;9.000;0.000;0.000;0.000;0.000;3.1705;51.007;77.009;8.000;0.000;0.000;12907.000;0.000;2.8047;53.079;76.082;11.000;11.000;10.296;0.000;0.000;2.8923;52.527;76.248;8.000;10.000;4.314;0.000;0.000
44;0.9447;0.5362;0.6444;1.6064;1.0166;1.7055;1.6410;2.9452;90.664;114.819;14.000;0.000;0.000;0.000;0.000;3.3446;89.339;116.770;13.000;0.000;0.000;5378.000;3512.000;3.1297;89.527;115.195;14.000;4.000;1.173;0.000;3543.000;2.8745;92.113;115.688;15.000;15.000;11.808;276.000;0.000
45;0.6535;0.8701;1.0364;0.5724;0.5628;1.6054;1.5729;2.9589;86.901;111.168;14.000;0.000;0.000;0.000;0.000;3.2734;86.041;112.887;13.000;0.000;0.000;11413.000;2354.000;3.0616;86.384;111.494;14.000;4.000;0.898;0.000;4207.000;2.8602;88.841;112.298;15.000;16.000;14.444;0.000;0.000
46;0.8506;1.3316;1.0252;1.4096;0.7740;0.9646;1.7242;2.9176;89.830;113.758;15.000;0.000;0.000;0.000;0.000;3.0611;88.443;113.549;13.000;0.000;0.000;3784.000;0.000;3.0234;88.508;113.305;13.000;4.000;0.344;0.000;0.000;2.8674;91.046;114.563;15.000;16.000;8.882;0.000;0.000
47;1.5511;0.7684;1.6977;0.8690;1.2877;1.3407;0.8726;2.9673;57.984;82.320;13.000;0.000;0.000;0.000;0.000;3.1624;57.336;83.272;12.000;0.000;0.000;8279.000;1237.000;3.0523;58.427;83.460;8.000;7.000;9.320;8279.000;1237.000;2.9240;58.354;82.335;13.000;15.000;5.313;0.000;0.000
48;1.5737;0.9531;1.8939;1.8320;1.7417;1.7614;0.6131;2.9457;49.711;73.871;11.000;0.000;0.000;0.000;0.000;3.3808;48.050;75.778;10.000;0.000;0.000;17695.000;845.000;2.9619;49.932;74.224;8.000;7.000;20.020;17695.000;845.000;2.9084;49.910;73.763;8.000;12.000;2.022;0.000;142.000
49;1.2283;1.3969;1.0407;1.0413;0.6611;0.6248;1.4807;2.8071;77.971;100.993;14.000;0.000;0.000;0.000;0.000;3.0102;76.479;101.168;11.000;0.000;0.000;5709.000;0.000;3.0102;76.479;101.168;11.000;0.000;0.000;5709.000;0.000;2.7983;78.092;101.042;13.000;14.000;3.153;0.000;0.000
50;0.6152;1.3721;0.5564;0.8855;0.5169;1.2490;0.7505;3.0086;46.272;70.946;7.000;0.000;0.000;0.000;0.000;3.0869;46.075;71.393;6.000;0.000;0.000;1052.000;0.000;2.7835;47.629;70.458;11.000;11.000;16.504;0.000;0.000;3.0686;46.237;71.404;6.000;4.000;0.896;1052.000;0.000
51;0.9562;0.7438;1.0221;1.2443;0.6302;1.4683;1.4794;2.9631;82.801;107.103;14.000;0.000;0.000;0.000;0.000;3.7526;80.622;111.399;10.000;0.000;0.000;14302.000;3658.000;3.1104;81.419;106.929;13.000;4.000;0.125;0.000;726.000;2.9361;82.992;107.072;14.000;14.000;3.103;0.000;0.000
52;1.8459;0.8476;1.6774;0.5693;1.9832;0.6710;0.8396;2.8097;52.787;75.831;12.000;0.000;0.000;0.000;0.000;3.3235;50.914;78.171;11.000;0.000;0.000;21898.000;0.000;3.1674;52.852;78.829;7.000;7.000;10.343;21898.000;0.000;2.7948;52.859;75.780;11.000;13.000;1.362;0.000;0.000
53;0.5692;1.5914;0.9807;1.8984;0.6110;1.7215;0.8231;2.9441;53.944;78.090;9.000;0.000;0.000;0.000;0.000;3.5790;52.545;81.897;7.000;0.000;0.000;10006.000;4203.000;2.7938;55.054;77.967;12.000;11.000;12.541;0.000;1425.000;2.8989;54.198;77.973;8.000;9.000;1.764;0.000;0.000
54;0.6938;1.2434;0.5214;1.0359;0.9641;0.5348;0.9128;2.7903;48.897;71.782;7.000;0.000;0.000;0.000;0.000;2.8664;48.564;72.073;7.000;0.000;0.000;7196.000;0.000;2.6421;49.776;71.445;11.000;11.000;9.713;0.000;0.000;2.7568;49.279;71.888;8.000;8.000;2.297;0.000;0.000
55;0.7630;0.7058;1.8158;1.1460;0.6191;1.4283;0.8346;2.9654;55.177;79.497;11.000;0.000;0.000;0.000;0.000;3.3602;53.910;81.468;10.000;0.000;0.000;8681.000;851.000;2.9558;55.755;79.997;13.000;7.000;10.825;8681.000;851.000;2.9439;55.325;79.470;12.000;12.000;1.655;0.000;0.000
56;1.1469;0.8467;1.2117;1.2869;0.7408;1.5824;1.1779;2.9472;71.053;95.225;13.000;0.000;0.000;0.000;0.000;3.2325;69.666;96.177;12.000;0.000;0.000;10318.000;2862.000;3.2325;69.666;96.177;12.000;0.000;0.000;10318.000;2862.000;2.9181;71.605;95.537;12.000;14.000;4.901;0.000;0.000
57;1.1571;0.6764;0.7110;0.8650;0.5240;0.5394;1.2530;2.7897;65.930;88.810;12.000;0.000;0.000;0.000;0.000;2.9395;64.932;89.040;11.000;0.000;0.000;2509.000;0.000;2.8982;64.939;88.709;11.000;4.000;0.379;0.000;0.000;2.7812;66.220;89.030;12.000;12.000;2.069;0.000;0.000
58;0.7754;1.3571;0.5547;1.3950;0.6729;1.6691;1.7569;2.9489;94.929;119.114;14.000;0.000;0.000;0.000;0.000;3.3372;93.037;120.407;12.000;0.000;0.000;2856.000;2000.000;3.3006;92.847;119.917;14.000;4.000;1.787;0.000;3869.000;2.9240;95.824;119.805;13.000;16.000;7.496;0.000;0.000
59;1.3001;0.8637;0.5181;1.4362;1.0910;0.5604;1.1030;2.8075;59.198;82.223;11.000;0.000;0.000;0.000;0.000;2.9977;58.499;83.084;9.000;0.000;0.000;10670.000;0.000;2.7869;59.199;82.056;11.000;11.000;0.848;0.000;0.000;2.7158;60.277;82.550;8.000;12.000;7.480;0.000;0.000
60;0.5043;0.9348;1.1700;1.5213;0.7481;0.6897;0.7912;2.8460;45.618;68.959;8.000;0.000;0.000;0.000;0.000;2.9961;45.099;69.671;7.000;0.000;0.000;10572.000;0.000;2.6295;47.067;68.633;11.000;11.000;13.480;0.000;0.000;2.7563;46.206;68.812;8.000;8.000;2.640;0.000;0.000
61;0.5428;1.8188;1.6950;1.1521;0.5545;0.5615;1.8203;2.7929;92.771;115.677;16.000;0.000;0.000;0.000;0.000;3.0987;90.484;115.897;9.000;0.000;0.000;3427.000;0.000;3.0987;90.484;115.897;9.000;0.000;0.000;3427.000;0.000;2.7864;93.322;116.174;16.000;17.000;5.365;0.000;0.000
62;0.5946;0.6119;1.4855;0.7595;0.8846;0.8827;1.3196;2.9014;71.833;95.629;12.000;0.000;0.000;0.000;0.000;3.0685;71.422;96.588;12.000;0.000;0.000;6238.000;0.000;3.0685;71.422;96.588;12.000;0.000;0.000;6238.000;0.000;2.7996;72.886;95.847;9.000;13.000;8.753;0.000;0.000
63;0.9624;1.5416;0.9944;0.7479;0.6548;1.4241;0.6778;2.9665;46.329;70.658;9.000;0.000;0.000;0.000;0.000;3.5919;45.326;74.785;5.000;0.000;0.000;10167.000;1923.000;2.8353;47.763;71.017;12.000;11.000;17.588;0.000;2189.000;2.9308;46.499;70.535;4.000;9.000;1.340;0.000;0.000
64;1.1630;1.1509;1.9007;0.5661;0.6667;1.2510;0.7910;3.0305;52.984;77.838;11.000;0.000;0.000;0.000;0.000;3.3568;51.494;79.025;9.000;0.000;0.000;20021.000;0.000;2.9245;53.156;77.141;13.000;7.000;12.449;20021.000;0.000;2.9319;53.556;77.601;12.000;12.000;2.942;0.000;0.000
65;0.5976;1.7300;1.3784;0.6807;0.5705;1.6075;1.1018;2.9722;66.529;90.906;12.000;0.000;0.000;0.000;0.000;3.3093;65.130;92.270;11.000;0.000;0.000;11053.000;3437.000;2.9655;66.599;90.921;12.000;11.000;0.534;0.000;476.000;2.8519;67.649;91.038;13.000;13.000;7.788;0.000;0.000
66;1.8140;1.0241;0.6886;0.6017;0.8924;1.2906;0.5030;2.9835;38.900;63.369;9.000;0.000;0.000;0.000;0.000;3.2608;38.361;65.104;8.000;0.000;0.000;2436.000;3373.000;2.8339;40.238;63.480;12.000;7.000;25.038;2436.000;3373.000;2.9548;38.978;63.212;9.000;6.000;0.972;660.000;74.000
67;0.8650;0.8752;1.2675;0.6552;1.6843;0.7847;1.5731;2.8592;82.640;106.090;14.000;0.000;0.000;0.000;0.000;3.0316;82.059;106.922;13.000;0.000;0.000;11127.000;0.000;3.0316;82.059;106.922;13.000;0.000;0.000;11127.000;0.000;2.7651;84.534;107.211;14.000;16.000;14.516;0.000;0.000
68;1.5749;1.7050;0.7158;1.6018;0.6883;0.8699;0.6397;2.8761;41.603;65.191;9.000;0.000;0.000;0.000;0.000;3.0199;41.034;65.801;7.000;0.000;0.000;7363.000;0.000;2.6528;43.020;64.777;11.000;7.000;18.992;7363.000;0.000;2.8297;41.853;65.061;9.000;9.000;1.826;0.000;0.000
69;0.9782;0.5549;1.8839;0.5091;0.9953;1.5979;0.6008;2.9525;46.325;70.540;10.000;0.000;0.000;0.000;0.000;3.2049;45.451;71.736;9.000;0.000;0.000;8093.000;2538.000;2.8355;47.259;70.515;12.000;7.000;20.650;8093.000;2538.000;2.9055;46.558;70.387;12.000;12.000;2.762;0.000;0.000
70;1.1441;1.0440;1.4291;1.3169;1.5692;1.5017;1.1217;2.9684;68.500;92.845;13.000;0.000;0.000;0.000;0.000;3.2306;67.556;94.052;13.000;0.000;0.000;9364.000;3159.000;3.2306;67.556;94.052;13.000;0.000;0.000;9364.000;3159.000;2.8965;69.370;93.125;12.000;14.000;7.301;0.000;158.000
71;0.8122;0.5803;0.6275;1.6730;0.7235;1.7268;0.7643;2.9421;50.886;75.015;8.000;0.000;0.000;0.000;0.000;3.1223;50.242;75.849;8.000;0.000;0.000;6680.000;782.000;2.7538;52.224;74.809;12.000;11.000;15.282;0.000;1209.000;2.9232;51.011;74.985;8.000;9.000;1.501;0.000;0.000
72;0.5413;0.7474;0.8522;0.5773;0.9072;1.5114;0.8874;2.9763;54.809;79.219;9.000;0.000;0.000;0.000;0.000;3.2289;54.441;80.922;9.000;0.000;0.000;3213.000;2354.000;2.8921;55.577;79.297;12.000;11.000;10.365;0.000;2978.000;2.9446;55.219;79.369;10.000;8.000;3.425;573.000;0.000
73;0.9914;1.9966;0.6739;1.0628;1.9663;0.9941;1.1351;2.9172;63.122;87.047;10.000;0.000;0.000;0.000;0.000;3.2815;62.529;89.442;7.000;0.000;0.000;9924.000;0.000;2.9396;62.786;86.895;11.000;4.000;0.885;0.000;0.000;2.8580;63.967;87.406;11.000;11.000;6.297;0.000;0.000
74;1.0669;0.5866;1.3494;1.7705;1.8064;1.1277;0.8151;2.9653;51.762;76.081;10.000;0.000;0.000;0.000;0.000;3.6739;50.302;80.433;4.000;0.000;0.000;17755.000;0.000;2.9071;52.073;75.915;11.000;7.000;11.505;17755.000;0.000;2.9167;52.126;76.047;5.000;10.000;1.919;0.000;0.000
75;1.2755;1.8522;1.9403;0.7402;1.8294;1.3761;1.6744;3.0005;94.067;118.676;18.000;0.000;0.000;0.000;0.000;3.3790;92.573;120.285;15.000;0.000;0.000;6207.000;2329.000;3.3790;92.573;120.285;15.000;0.000;0.000;6207.000;2329.000;2.9050;95.396;119.220;19.000;20.000;11.836;443.000;0.000
76;0.6307;1.9352;1.4211;0.6298;1.0572;0.5836;1.3653;2.8102;71.867;94.915;12.000;0.000;0.000;0.000;0.000;2.9866;71.315;95.809;12.000;0.000;0.000;4818.000;0.000;2.9866;71.315;95.809;12.000;0.000;0.000;4818.000;0.000;2.7304;72.751;95.144;9.000;13.000;7.116;0.000;0.000
77;1.1410;1.1146;1.6183;1.4534;0.5678;1.4382;1.0592;2.9965;65.760;90.336;13.000;0.000;0.000;0.000;0.000;3.5533;63.852;92.994;11.000;0.000;0.000;16961.000;3591.000;3.4281;64.724;92.839;12.000;7.000;1.734;16961.000;3591.000;2.9412;66.027;90.149;14.000;14.000;2.236;0.000;0.000
78;0.6496;0.8091;1.0128;1.6445;1.6980;0.5760;0.9229;2.8048;50.779;73.783;8.000;0.000;0.000;0.000;0.000;2.9404;50.331;74.446;8.000;0.000;0.000;9228.000;0.000;2.6758;51.757;73.703;11.000;11.000;8.179;0.000;0.000;2.7721;51.160;73.895;9.000;9.000;1.972;0.000;0.000
79;1.6100;1.1525;1.6362;1.1443;0.6812;1.0040;1.0212;2.9187;62.341;86.278;13.000;0.000;0.000;0.000;0.000;3.0708;61.688;86.872;13.000;0.000;0.000;5531.000;0.000;3.0769;62.461;87.696;7.000;7.000;3.436;5531.000;0.000;2.8700;62.623;86.161;14.000;15.000;4.775;0.000;0.000
80;1.7269;0.8188;0.6925;1.4120;0.8945;0.9785;1.9361;2.9505;100.935;125.134;17.000;0.000;0.000;0.000;0.000;3.9992;97.258;130.057;9.000;0.000;0.000;18065.000;0.000;3.9992;97.258;130.057;9.000;0.000;0.000;18065.000;0.000;2.7556;104.077;126.677;16.000;21.000;25.558;0.000;0.000
81;1.2739;1.2690;1.8248;1.3497;1.8785;1.2030;1.1288;3.0009;68.223;92.835;13.000;0.000;0.000;0.000;0.000;3.2420;66.594;93.183;13.000;0.000;0.000;22442.000;0.000;3.2420;66.594;93.183;13.000;0.000;0.000;22442.000;0.000;2.9222;69.082;93.048;14.000;15.000;6.681;0.000;0.000
82;0.7415;0.6885;1.0446;0.5427;0.6314;1.3349;1.2817;3.0139;72.322;97.040;13.000;0.000;0.000;0.000;0.000;3.4697;70.481;98.937;10.000;0.000;0.000;7719.000;4333.000;3.2912;70.877;97.870;12.000;4.000;0.580;0.000;2025.000;2.8798;73.584;97.202;14.000;14.000;10.150;0.000;0.000
83;0.5200;0.6269;1.1774;0.8798;1.1313;0.5977;1.6529;2.8077;84.045;107.072;13.000;0.000;0.000;0.000;0.000;3.0812;82.912;108.183;12.000;0.000;0.000;12780.000;0.000;2.8704;83.036;106.577;13.000;4.000;0.768;0.000;0.000;2.7385;85.463;107.923;15.000;15.000;11.201;0.000;0.000
84;0.7159;0.8402;0.9322;1.1373;1.9467;0.6684;0.6262;2.8346;37.949;61.196;7.000;0.000;0.000;0.000;0.000;2.8959;37.562;61.312;6.000;0.000;0.000;7720.000;0.000;2.5317;39.708;60.472;11.000;11.000;20.520;0.000;0.000;2.8068;38.181;61.201;7.000;7.000;0.968;0.000;0.000
85;0.6116;1.4635;0.8496;1.8074;0.5483;1.0447;1.4285;2.9435;76.121;100.263;12.000;0.000;0.000;0.000;0.000;3.2549;74.894;101.589;10.000;0.000;0.000;11550.000;0.000;3.0307;75.150;100.006;12.000;4.000;1.363;0.000;0.000;2.9001;76.714;100.498;9.000;12.000;4.600;0.000;0.000
86;1.0099;0.8786;1.5401;1.0127;1.7569;0.6960;1.1462;2.8248;64.130;87.297;12.000;0.000;0.000;0.000;0.000;3.0204;63.529;88.300;12.000;0.000;0.000;7120.000;0.000;3.0204;63.529;88.300;12.000;0.000;0.000;7120.000;0.000;2.7756;64.820;87.584;12.000;14.000;6.338;0.000;0.000
87;1.2049;1.7584;0.5690;1.5278;1.2896;1.6486;1.1629;2.9430;69.330;93.466;12.000;0.000;0.000;0.000;0.000;3.2219;68.420;94.845;11.000;0.000;0.000;6400.000;1269.000;3.1188;68.574;94.152;12.000;4.000;0.701;0.000;2787.000;2.8901;69.907;93.609;9.000;13.000;5.504;0.000;0.000
88;0.9379;1.5080;0.7414;0.5399;1.4141;1.5419;1.5772;2.9790;86.628;111.061;14.000;0.000;0.000;0.000;0.000;3.1614;85.862;111.790;13.000;0.000;0.000;10595.000;446.000;3.0506;86.151;111.170;14.000;4.000;0.897;0.000;1764.000;2.8578;88.526;111.964;16.000;16.000;14.436;0.000;0.000
89;0.9300;1.3807;1.3447;0.7459;1.4450;1.9031;0.8146;2.9325;56.493;80.543;11.000;0.000;0.000;0.000;0.000;3.2146;55.621;81.986;5.000;0.000;0.000;5035.000;939.000;2.8682;57.389;80.913;11.000;7.000;11.676;5035.000;939.000;2.8833;56.796;80.442;6.000;11.000;2.316;0.000;0.000
90;0.7305;1.1233;1.6884;1.1620;1.9187;1.7965;1.3393;2.9297;79.878;103.906;14.000;0.000;0.000;0.000;0.000;3.3613;78.319;105.887;12.000;0.000;0.000;15067.000;3630.000;3.3613;78.319;105.887;12.000;0.000;0.000;15067.000;3630.000;2.8446;80.814;104.144;13.000;15.000;8.065;0.000;0.000
91;1.3322;0.6400;0.8022;1.5372;0.8711;0.6859;0.5457;2.7898;35.959;58.839;7.000;0.000;0.000;0.000;0.000;3.0540;35.312;60.359;7.000;0.000;0.000;10820.000;0.000;2.5854;37.123;58.327;11.000;7.000;23.040;10820.000;0.000;2.7966;35.984;58.920;7.000;7.000;0.536;0.000;0.000
92;0.6812;1.1128;1.8003;0.8604;1.4939;0.5977;1.5643;2.8341;81.916;105.160;15.000;0.000;0.000;0.000;0.000;2.9070;81.762;105.604;13.000;0.000;0.000;2485.000;0.000;2.9070;81.762;105.604;13.000;0.000;0.000;2485.000;0.000;2.7079;83.886;106.095;12.000;18.000;15.411;0.000;0.000
93;1.8088;1.0036;0.9392;1.7608;0.6857;1.7916;1.7839;2.9575;100.733;124.988;18.000;0.000;0.000;0.000;0.000;3.5223;97.503;126.391;14.000;0.000;0.000;19622.000;295.000;3.5223;97.503;126.391;14.000;0.000;0.000;19622.000;295.000;2.9183;101.459;125.393;13.000;19.000;6.539;0.000;0.000
94;1.8857;1.7198;1.0363;1.2866;1.0468;0.7597;1.9742;2.8883;102.572;126.260;18.000;0.000;0.000;0.000;0.000;3.2338;102.000;128.522;12.000;0.000;0.000;11576.000;0.000;3.2338;102.000;128.522;12.000;0.000;0.000;11576.000;0.000;2.7004;105.588;127.734;21.000;23.000;24.566;0.000;0.000
95;0.5176;0.7086;1.8116;1.8720;0.7359;1.9994;1.5425;2.9527;90.046;114.262;15.000;0.000;0.000;0.000;0.000;3.3306;88.003;115.319;12.000;0.000;0.000;10191.000;2423.000;3.3306;88.003;115.319;12.000;0.000;0.000;10191.000;2423.000;2.8256;92.097;115.271;16.000;17.000;15.898;0.000;44.000
96;1.4679;1.1047;0.8637;0.5064;0.8300;0.8406;0.5598;2.8601;38.071;61.528;8.000;0.000;0.000;0.000;0.000;2.9715;37.524;61.895;7.000;0.000;0.000;11084.000;0.000;2.6018;39.182;60.520;11.000;7.000;22.443;11084.000;0.000;2.8196;38.144;61.268;8.000;8.000;1.539;0.000;0.000
97;0.5621;0.7203;0.9922;1.4623;1.1311;1.0584;1.5086;2.9391;80.113;104.218;12.000;0.000;0.000;0.000;0.000;3.3359;78.239;105.598;10.000;0.000;0.000;9922.000;0.000;3.0894;78.492;103.830;12.000;4.000;1.132;0.000;0.000;2.8567;81.292;104.722;14.000;14.000;9.414;0.000;0.000
98;1.6200;0.9200;1.1602;1.7932;0.5585;1.1630;1.4672;2.9921;82.338;106.878;15.000;0.000;0.000;0.000;0.000;3.2334;80.641;107.160;12.000;0.000;0.000;9141.000;0.000;3.2334;80.641;107.160;12.000;0.000;0.000;9141.000;0.000;2.9690;82.599;106.949;14.000;11.000;3.217;664.000;0.000
99;0.9042;1.4141;1.6022;1.4426;1.0523;1.3648;1.3367;2.9826;77.154;101.616;14.000;0.000;0.000;0.000;0.000;3.3257;76.463;103.739;12.000;0.000;0.000;3919.000;3263.000;3.3257;76.463;103.739;12.000;0.000;0.000;3919.000;3263.000;2.8907;78.052;101.760;14.000;16.000;8.772;0.000;0.000
100;0.8507;0.5150;1.8653;0.9562;0.7563;0.7076;0.8699;2.8269;52.236;75.421;11.000;0.000;0.000;0.000;0.000;3.4837;51.392;79.963;5.000;0.000;0.000;18745.000;0.000;2.8840;52.474;76.127;12.000;7.000;9.209;18745.000;0.000;2.7858;52.680;75.528;6.000;12.000;4.056;0.000;0.000
101;1.1140;1.0249;0.8493;0.5569;1.9474;0.5110;1.7895;2.7713;90.343;113.071;15.000;0.000;0.000;0.000;0.000;3.1101;88.150;113.657;13.000;0.000;0.000;13021.000;0.000;2.9319;88.326;112.372;13.000;4.000;0.127;0.000;0.000;2.7652;91.036;113.715;15.000;16.000;6.093;0.000;0.000
102;0.5225;1.0076;1.4855;1.2545;1.3301;0.5724;1.6565;2.8090;84.850;107.888;14.000;0.000;0.000;0.000;0.000;2.8753;83.900;107.481;13.000;0.000;0.000;187.000;0.000;2.8753;83.900;107.481;13.000;0.000;0.000;187.000;0.000;2.7370;86.268;108.716;15.000;12.000;11.042;187.000;0.000
103;1.2308;1.8449;1.9869;1.4233;1.5266;1.8948;1.3553;2.9392;83.364;107.470;16.000;0.000;0.000;0.000;0.000;3.3119;82.306;109.469;14.000;0.000;0.000;5609.000;3249.000;3.3119;82.306;109.469;14.000;0.000;0.000;5609.000;3249.000;2.8324;84.187;107.417;18.000;17.000;8.570;446.000;0.000
104;1.1675;1.0381;1.0322;1.2141;1.1887;0.5010;0.6149;2.7902;37.867;60.751;7.000;0.000;0.000;0.000;0.000;3.0967;37.248;62.645;7.000;0.000;0.000;16675.000;0.000;2.6347;39.074;60.682;11.000;7.000;19.944;16675.000;0.000;2.7492;38.147;60.693;8.000;8.000;1.294;0.000;0.000
105;0.8910;0.7449;1.2737;1.9743;0.7228;1.5384;0.8367;2.9356;55.049;79.125;10.000;0.000;0.000;0.000;0.000;3.1829;53.503;79.607;9.000;0.000;0.000;11951.000;1297.000;2.9457;55.363;79.521;12.000;7.000;10.698;11951.000;1297.000;2.9155;55.201;79.112;9.000;10.000;1.308;0.000;0.000
106;1.3638;0.5655;1.1874;1.0289;1.5781;0.5893;1.0306;2.7924;58.240;81.142;11.000;0.000;0.000;0.000;0.000;2.9808;57.554;82.001;11.000;0.000;0.000;6834.000;0.000;2.8972;58.362;82.123;12.000;7.000;2.993;6834.000;0.000;2.7502;58.538;81.093;13.000;13.000;3.707;0.000;0.000
107;1.6549;1.3099;0.6248;1.6321;0.6887;0.5538;0.5624;2.7736;36.222;58.969;8.000;0.000;0.000;0.000;0.000;2.8476;35.961;59.316;7.000;0.000;0.000;6473.000;0.000;2.5145;37.642;58.264;11.000;7.000;22.337;6473.000;0.000;2.7377;36.246;58.699;8.000;8.000;1.587;0.000;0.000
108;1.4830;1.6029;1.6950;1.4228;1.7267;1.8090;1.0529;2.9465;69.075;93.240;14.000;0.000;0.000;0.000;0.000;3.2641;67.783;94.553;13.000;0.000;0.000;6851.000;3102.000;3.0638;68.561;93.688;10.000;7.000;2.196;6851.000;3102.000;2.9335;69.259;93.317;13.000;10.000;2.579;1184.000;0.000
109;1.2012;1.8750;1.0199;0.6981;1.8369;0.5364;1.1225;2.7750;61.126;83.885;12.000;0.000;0.000;0.000;0.000;2.8144;60.934;84.016;11.000;0.000;0.000;1723.000;0.000;2.8144;60.934;84.016;11.000;0.000;0.000;1723.000;0.000;2.7268;61.989;84.353;11.000;8.000;6.602;1723.000;0.000
110;1.8137;1.4032;1.1575;0.9814;0.7296;1.0918;1.3920;2.9580;78.662;102.922;14.000;0.000;0.000;0.000;0.000;3.2494;77.363;104.013;12.000;0.000;0.000;14501.000;0.000;3.2494;77.363;104.013;12.000;0.000;0.000;14501.000;0.000;2.8960;79.497;103.248;15.000;16.000;6.454;0.000;0.000
111;1.0886;1.4467;1.9109;1.2132;1.3340;1.6229;1.0765;2.9702;68.309;92.669;13.000;0.000;0.000;0.000;0.000;3.7176;66.173;96.663;8.000;0.000;0.000;17511.000;3457.000;3.2382;67.009;93.566;13.000;7.000;1.090;17511.000;3457.000;2.9374;68.526;92.617;8.000;15.000;1.926;0.000;0.000
112;0.7457;1.5021;1.5688;1.9450;0.5149;1.0098;0.5443;2.8952;38.572;62.317;8.000;0.000;0.000;0.000;0.000;3.0665;37.804;62.954;6.000;0.000;0.000;9597.000;0.000;2.6386;39.601;61.241;11.000;7.000;23.148;9597.000;0.000;2.8909;38.580;62.289;8.000;8.000;0.774;0.000;0.000
113;0.9949;0.9692;0.6781;1.9977;1.4002;0.8539;1.5050;2.8778;78.877;102.479;12.000;0.000;0.000;0.000;0.000;3.2330;77.096;103.611;10.000;0.000;0.000;10236.000;0.000;3.0152;77.251;101.980;12.000;4.000;0.872;0.000;0.000;2.8095;79.749;102.790;12.000;13.000;8.101;0.000;0.000
114;0.7040;0.7418;1.4669;1.3107;1.4841;0.8578;0.6460;2.8894;41.548;65.246;8.000;0.000;0.000;0.000;0.000;3.2176;40.804;67.193;8.000;0.000;0.000;14275.000;0.000;2.7083;42.627;64.839;11.000;7.000;18.639;14275.000;0.000;2.8025;41.999;64.984;8.000;8.000;2.227;0.000;0.000
115;0.9132;1.3961;1.6163;1.7465;1.9798;0.7719;1.5978;2.8516;84.806;108.193;15.000;0.000;0.000;0.000;0.000;3.0738;84.118;109.327;13.000;0.000;0.000;6036.000;0.000;3.0738;84.118;109.327;13.000;0.000;0.000;6036.000;0.000;2.7714;86.456;109.186;12.000;18.000;14.024;0.000;0.000
116;1.9959;0.7367;0.5035;0.6092;1.4695;1.5239;0.7167;2.9501;50.138;74.333;10.000;0.000;0.000;0.000;0.000;3.2474;49.704;76.337;10.000;0.000;0.000;2308.000;3651.000;2.8221;51.246;74.391;13.000;7.000;15.735;2308.000;3651.000;2.9814;50.167;74.618;10.000;6.000;2.007;1518.000;0.000
117;1.8409;0.6940;1.3728;0.6457;1.4285;0.5365;1.1331;2.7871;64.247;87.105;14.000;0.000;0.000;0.000;0.000;2.9825;63.906;88.367;7.000;0.000;0.000;3493.000;0.000;2.9825;63.906;88.367;7.000;0.000;0.000;3493.000;0.000;2.7200;64.942;87.250;8.000;16.000;7.583;0.000;0.000
118;0.8111;1.2468;1.7095;0.7815;1.8688;0.9355;0.8704;2.8916;53.167;76.882;10.000;0.000;0.000;0.000;0.000;3.1310;52.898;78.577;5.000;0.000;0.000;5314.000;0.000;2.8275;54.022;77.211;12.000;7.000;9.380;5314.000;0.000;2.8496;53.599;76.970;6.000;12.000;4.591;0.000;0.000
119;0.6639;0.5401;0.5442;1.6248;0.5051;1.2282;1.1641;3.0080;65.055;89.725;10.000;0.000;0.000;0.000;0.000;3.1507;64.353;90.193;9.000;0.000;0.000;5539.000;0.000;3.0422;64.408;89.359;11.000;4.000;2.015;0.000;0.000;2.9448;65.675;89.826;9.000;11.000;5.377;0.000;0.000
120;1.1286;0.9459;0.5463;0.6529;1.3096;1.7195;0.9756;2.9783;60.836;85.263;10.000;0.000;0.000;0.000;0.000;3.2321;59.803;86.311;8.000;0.000;0.000;9206.000;247.000;2.9149;61.310;85.216;12.000;11.000;6.218;0.000;2009.000;2.8593;61.560;85.010;11.000;11.000;5.506;0.000;0.000
121;0.8591;1.5876;0.5286;1.1464;1.9218;0.9076;0.7598;2.8888;44.848;68.541;7.000;0.000;0.000;0.000;0.000;2.9917;44.490;69.027;7.000;0.000;0.000;5205.000;0.000;2.6657;46.227;68.090;11.000;11.000;15.565;0.000;0.000;2.9085;44.817;68.671;7.000;5.000;0.668;595.000;0.000
122;0.8379;1.1089;1.6976;1.3741;0.8038;0.8498;1.2059;2.8723;67.702;91.259;12.000;0.000;0.000;0.000;0.000;3.0949;66.754;92.137;12.000;0.000;0.000;6280.000;0.000;3.0949;66.754;92.137;12.000;0.000;0.000;6280.000;0.000;2.8488;68.138;91.502;12.000;14.000;4.129;0.000;0.000
123;1.1943;0.5855;1.1125;1.4084;0.5964;1.4659;0.6144;2.9744;44.639;69.034;9.000;0.000;0.000;0.000;0.000;3.2869;43.965;70.922;8.000;0.000;0.000;6248.000;3413.000;2.9437;45.805;69.947;12.000;7.000;20.095;6248.000;3413.000;2.9247;44.868;68.854;9.000;10.000;1.947;0.000;0.000
124;0.5637;1.0825;1.4763;1.1751;1.1595;0.5682;1.1158;2.8070;60.495;83.517;11.000;0.000;0.000;0.000;0.000;2.8780;60.365;83.969;11.000;0.000;0.000;3259.000;0.000;2.8780;60.365;83.969;11.000;0.000;0.000;3259.000;0.000;2.7167;61.473;83.754;11.000;12.000;7.273;0.000;0.000
125;1.0208;0.5100;1.4458;0.6780;0.9507;0.9422;1.2839;2.9096;71.569;95.431;13.000;0.000;0.000;0.000;0.000;3.0924;70.398;95.760;12.000;0.000;0.000;4714.000;0.000;3.0924;70.398;95.760;12.000;0.000;0.000;4714.000;0.000;2.8040;72.844;95.841;13.000;10.000;9.733;468.000;0.000
126;1.6521;1.4743;0.6709;0.6866;0.9056;0.8298;1.3544;2.8667;73.653;97.164;13.000;0.000;0.000;0.000;0.000;3.0569;72.879;97.950;11.000;0.000;0.000;10389.000;0.000;3.0569;72.879;97.950;11.000;0.000;0.000;10389.000;0.000;2.7978;74.517;97.463;13.000;14.000;7.565;0.000;0.000
127;1.0686;0.9336;1.1557;0.8479;1.6429;1.4095;1.5074;2.9873;84.218;108.718;15.000;0.000;0.000;0.000;0.000;3.2643;82.430;109.202;12.000;0.000;0.000;4839.000;17.000;3.2643;82.430;109.202;12.000;0.000;0.000;4839.000;17.000;2.9322;85.042;109.090;15.000;12.000;6.832;653.000;0.000
128;1.9762;1.2961;1.2347;1.4465;1.2020;1.8792;0.8786;2.9263;61.829;85.828;13.000;0.000;0.000;0.000;0.000;3.2666;61.205;87.996;11.000;0.000;0.000;4461.000;2938.000;3.0518;62.315;87.344;9.000;7.000;9.055;4461.000;2938.000;2.9070;62.111;85.953;13.000;10.000;4.163;1366.000;0.000
129;0.8343;0.5631;1.8477;0.5601;1.7659;0.8175;1.9763;2.8981;102.465;126.233;18.000;0.000;0.000;0.000;0.000;3.1740;101.724;127.756;16.000;0.000;0.000;16386.000;0.000;3.1740;101.724;127.756;16.000;0.000;0.000;16386.000;0.000;2.7198;105.477;127.783;20.000;22.000;24.007;0.000;0.000
130;0.5999;0.6992;1.4960;0.8576;0.9214;0.6607;0.6210;2.8422;38.847;62.157;7.000;0.000;0.000;0.000;0.000;3.0316;38.520;63.383;7.000;0.000;0.000;7844.000;0.000;2.6231;40.399;61.912;11.000;7.000;19.769;7844.000;0.000;2.7973;39.118;62.060;8.000;8.000;1.306;0.000;0.000
131;1.6441;1.1357;1.4870;0.8311;0.9817;1.7797;1.7538;2.9366;100.176;124.260;19.000;0.000;0.000;0.000;0.000;3.5444;96.895;125.964;15.000;0.000;0.000;21917.000;2286.000;3.5444;96.895;125.964;15.000;0.000;0.000;21917.000;2286.000;2.9089;101.136;124.993;18.000;20.000;7.613;0.000;0.000
132;1.1417;1.2859;0.5546;0.8056;1.0978;0.9227;0.7657;2.9029;46.001;69.809;7.000;0.000;0.000;0.000;0.000;3.1442;45.313;71.100;7.000;0.000;0.000;12612.000;0.000;2.6842;47.439;69.453;11.000;11.000;14.562;0.000;0.000;2.8381;46.487;69.763;8.000;8.000;2.333;0.000;0.000
133;1.3247;0.6932;1.7656;0.6663;1.3527;0.9922;1.3813;2.9313;77.883;101.924;14.000;0.000;0.000;0.000;0.000;3.3868;76.350;104.126;12.000;0.000;0.000;21680.000;0.000;3.3868;76.350;104.126;12.000;0.000;0.000;21680.000;0.000;2.8553;78.747;102.164;15.000;16.000;6.456;0.000;0.000
134;0.8773;0.8165;1.2216;1.9005;1.2987;0.5113;0.5219;2.7467;33.671;56.198;7.000;0.000;0.000;0.000;0.000;2.9299;33.346;57.375;7.000;0.000;0.000;8087.000;0.000;2.5244;35.014;55.717;11.000;7.000;24.108;8087.000;0.000;2.7173;33.840;56.126;7.000;7.000;1.372;0.000;0.000
135;0.6720;0.8159;0.6237;1.8751;0.7227;0.9443;0.6077;2.8999;38.030;61.814;5.000;0.000;0.000;0.000;0.000;3.0202;37.686;62.457;5.000;0.000;0.000;8194.000;0.000;2.5933;39.646;60.915;11.000;11.000;22.234;0.000;0.000;2.8594;38.304;61.755;6.000;6.000;1.575;0.000;0.000
136;0.7632;1.0656;0.8932;0.5656;1.4100;1.9174;0.6931;2.9287;49.517;73.537;8.000;0.000;0.000;0.000;0.000;3.4559;48.228;76.572;7.000;0.000;0.000;8524.000;3759.000;2.6861;50.965;72.995;12.000;11.000;17.691;0.000;47.000;2.9045;49.593;73.414;7.000;8.000;0.904;0.000;0.000
137;0.6798;1.4245;0.9385;0.5288;0.5345;1.9490;1.3629;2.9486;79.648;103.830;12.000;0.000;0.000;0.000;0.000;3.2795;78.667;105.564;12.000;0.000;0.000;4346.000;4258.000;3.1114;78.957;104.474;13.000;4.000;1.031;0.000;2228.000;2.8677;80.536;104.055;13.000;13.000;7.234;0.000;0.000
138;1.0215;0.6226;1.7662;0.8411;0.7880;1.4950;1.5544;2.9886;88.177;112.688;16.000;0.000;0.000;0.000;0.000;3.3841;86.239;113.993;13.000;0.000;0.000;9237.000;835.000;3.3841;86.239;113.993;13.000;0.000;0.000;9237.000;835.000;2.8709;90.260;113.806;18.000;14.000;15.387;934.000;0.000
139;0.5135;1.0721;0.8134;1.9193;0.7733;0.7586;1.2455;2.8624;65.500;88.976;11.000;0.000;0.000;0.000;0.000;3.0493;64.631;89.640;9.000;0.000;0.000;3119.000;0.000;2.9392;64.557;88.662;11.000;4.000;1.679;0.000;0.000;2.8495;65.927;89.297;10.000;11.000;2.159;0.000;0.000
140;1.7502;1.2176;1.0865;0.5911;0.7141;1.5133;0.6038;2.9594;45.778;70.049;10.000;0.000;0.000;0.000;0.000;3.1804;45.123;71.206;10.000;0.000;0.000;5009.000;3785.000;2.8276;46.897;70.087;13.000;7.000;20.548;5009.000;3785.000;2.9315;45.989;70.032;11.000;10.000;2.486;369.000;0.000
141;1.8410;1.8592;1.2126;0.7602;1.8003;1.5107;1.3889;2.9774;81.604;106.023;15.000;0.000;0.000;0.000;0.000;3.4372;79.808;107.998;13.000;0.000;0.000;19440.000;370.000;3.4372;79.808;107.998;13.000;0.000;0.000;19440.000;370.000;2.9022;82.464;106.267;15.000;17.000;6.408;0.000;0.000
142;0.6085;1.1655;1.5526;0.6895;0.7155;0.9298;1.5231;2.9207;81.425;105.379;13.000;0.000;0.000;0.000;0.000;3.3128;79.386;106.556;12.000;0.000;0.000;13722.000;0.000;3.3128;79.386;106.556;12.000;0.000;0.000;13722.000;0.000;2.7953;83.491;106.416;14.000;16.000;16.433;0.000;0.000
143;0.5716;1.3236;1.1121;1.3367;0.6192;1.9058;0.6203;2.9601;46.133;70.410;7.000;0.000;0.000;0.000;0.000;3.1809;45.284;71.372;7.000;0.000;0.000;8365.000;2806.000;2.6780;47.840;69.804;12.000;11.000;20.727;0.000;1051.000;2.9079;46.401;70.250;8.000;8.000;1.351;0.000;0.000
144;1.5678;0.5064;1.3557;0.7628;0.8449;1.6927;0.8627;2.9370;59.038;83.125;12.000;0.000;0.000;0.000;0.000;3.2126;57.661;84.009;12.000;0.000;0.000;12758.000;1868.000;3.0780;58.998;84.242;13.000;7.000;9.614;12758.000;1868.000;2.8862;59.493;83.163;14.000;14.000;4.946;0.000;0.000
145;1.0482;1.1750;0.5081;1.3039;1.8630;0.8726;1.6074;2.8863;83.248;106.920;13.000;0.000;0.000;0.000;0.000;3.2883;82.463;109.431;9.000;0.000;0.000;10018.000;0.000;2.9187;82.535;106.472;13.000;4.000;1.177;0.000;0.000;2.8026;84.897;107.882;14.000;15.000;13.085;0.000;0.000
146;0.6871;1.0659;0.7024;0.6669;1.2088;0.5202;1.9719;2.8199;96.948;120.075;15.000;0.000;0.000;0.000;0.000;2.8745;96.720;120.295;12.000;0.000;0.000;1377.000;0.000;2.8112;96.564;119.620;15.000;4.000;1.547;0.000;0.000;2.6403;100.009;121.663;18.000;18.000;24.000;470.000;0.000
147;1.3216;0.7260;1.1558;0.5396;1.2567;1.6096;1.5322;2.9758;87.193;111.598;15.000;0.000;0.000;0.000;0.000;3.6430;84.998;114.876;12.000;0.000;0.000;5326.000;4193.000;3.6430;84.998;114.876;12.000;0.000;0.000;5326.000;4193.000;2.8577;89.223;112.660;16.000;15.000;16.001;772.000;0.000
148;0.5979;0.6138;1.2452;0.7423;1.8144;1.1034;1.0919;2.9881;62.209;86.716;11.000;0.000;0.000;0.000;0.000;3.1589;61.220;87.127;8.000;0.000;0.000;8284.000;0.000;2.9568;62.422;86.672;11.000;11.000;1.251;0.000;0.000;2.8879;63.262;86.946;9.000;10.000;7.028;23.000;0.000
149;1.4329;1.7000;0.9486;1.0896;0.5568;1.8011;1.7277;2.9627;97.054;121.352;17.000;0.000;0.000;0.000;0.000;3.6408;94.848;124.707;10.000;0.000;0.000;14489.000;934.000;3.6408;94.848;124.707;10.000;0.000;0.000;14489.000;934.000;2.8835;98.238;121.887;17.000;18.000;8.839;0.000;0.000
150;0.5395;0.8139;1.7241;1.1276;0.7788;0.8159;1.2565;2.8661;68.942;92.448;13.000;0.000;0.000;0.000;0.000;3.0364;67.794;92.697;11.000;0.000;0.000;5038.000;0.000;3.0364;67.794;92.697;11.000;0.000;0.000;5038.000;0.000;2.8667;69.214;92.725;11.000;13.000;2.096;0.000;0.000
151;1.3000;0.6138;0.9292;1.5905;1.5881;1.3174;1.5335;2.9954;84.834;109.401;15.000;0.000;0.000;0.000;0.000;3.2944;82.950;109.969;11.000;0.000;0.000;4934.000;16.000;3.2944;82.950;109.969;11.000;0.000;0.000;4934.000;16.000;2.8848;86.861;110.520;15.000;14.000;15.963;724.000;0.000
152;1.2954;1.5941;0.8186;0.5518;0.5705;1.1385;0.5088;2.9403;37.129;61.243;7.000;0.000;0.000;0.000;0.000;3.1412;36.375;62.138;7.000;0.000;0.000;9282.000;0.000;2.6843;38.287;60.302;11.000;7.000;24.723;9282.000;0.000;2.9257;37.205;61.200;6.000;7.000;0.627;0.000;0.000
153;1.6044;0.6505;1.5515;0.8187;0.5796;0.8348;0.5063;2.8511;37.807;61.190;10.000;0.000;0.000;0.000;0.000;3.5767;36.100;65.434;6.000;0.000;0.000;25755.000;0.000;2.6708;37.977;59.881;13.000;7.000;24.673;25755.000;0.000;2.8294;37.904;61.109;10.000;10.000;0.487;0.000;0.000
154;0.6605;0.6124;1.9336;0.9115;1.0701;0.5404;0.5427;2.7527;36.158;58.735;8.000;0.000;0.000;0.000;0.000;3.0889;35.527;60.860;7.000;0.000;0.000;10364.000;0.000;2.5609;37.337;58.340;12.000;7.000;23.169;10364.000;0.000;2.7524;36.176;58.750;9.000;9.000;0.884;0.000;0.000
155;1.1510;0.7987;0.7545;0.6270;1.4305;1.8457;0.8338;2.9232;56.005;79.979;10.000;0.000;0.000;0.000;0.000;3.3723;54.649;82.307;9.000;0.000;0.000;6219.000;4108.000;2.8583;56.871;80.312;12.000;11.000;11.313;0.000;3789.000;2.8933;56.151;79.880;10.000;10.000;1.459;0.000;0.000
156;0.8423;0.7497;0.6373;0.7732;1.5619;0.5613;1.5577;2.8178;78.639;101.749;13.000;0.000;0.000;0.000;0.000;2.8741;78.418;101.990;10.000;0.000;0.000;607.000;0.000;2.8744;77.762;101.337;13.000;4.000;1.345;0.000;0.000;2.7099;80.762;102.987;15.000;12.000;14.867;607.000;0.000
157;0.5396;1.0537;1.4470;0.8003;1.6847;1.4387;1.2160;2.9680;70.643;94.985;12.000;0.000;0.000;0.000;0.000;3.4116;69.107;97.087;12.000;0.000;0.000;12831.000;2182.000;3.1902;69.665;95.829;12.000;4.000;0.072;0.000;4128.000;2.9490;71.116;95.301;12.000;13.000;3.249;0.000;0.000
158;0.8232;0.6039;1.1411;0.6636;1.6917;1.6916;0.9931;2.9453;62.300;86.455;11.000;0.000;0.000;0.000;0.000;3.2537;61.077;87.761;10.000;0.000;0.000;12915.000;3795.000;3.1232;62.567;88.182;12.000;11.000;4.806;0.000;4130.000;2.8710;62.858;86.404;12.000;12.000;4.761;0.000;0.000
159;1.3012;1.3698;0.8045;0.6186;0.9059;1.0047;1.3072;2.9527;72.022;96.238;12.000;0.000;0.000;0.000;0.000;3.1093;71.610;97.111;12.000;0.000;0.000;8539.000;0.000;3.1093;71.610;97.111;12.000;0.000;0.000;8539.000;0.000;2.8277;73.198;96.389;9.000;13.000;9.195;0.000;0.000
160;1.2909;0.5399;1.7950;0.6645;0.6913;0.5657;0.9946;2.7776;57.928;80.708;12.000;0.000;0.000;0.000;0.000;3.6108;56.783;86.397;6.000;0.000;0.000;21697.000;0.000;2.9359;57.527;81.606;13.000;7.000;4.127;21697.000;0.000;2.7268;58.423;80.787;7.000;14.000;4.722;0.000;0.000
161;1.8009;1.2529;0.9881;1.6455;1.8649;1.0884;1.5011;2.9464;83.289;107.453;15.000;0.000;0.000;0.000;0.000;3.1322;81.526;107.215;13.000;0.000;0.000;5587.000;0.000;3.1322;81.526;107.215;13.000;0.000;0.000;5587.000;0.000;2.9331;83.623;107.679;15.000;11.000;3.417;1333.000;0.000
162;1.9528;0.5208;1.1252;1.2986;1.0636;0.7617;0.7242;2.8355;46.955;70.211;10.000;0.000;0.000;0.000;0.000;3.1312;45.789;71.470;10.000;0.000;0.000;21007.000;0.000;2.7518;47.349;69.918;13.000;7.000;15.194;21007.000;0.000;2.8306;46.990;70.205;11.000;11.000;1.974;0.000;0.000
163;1.7056;1.6952;0.6051;1.4031;1.3179;0.9486;0.8675;2.9045;52.550;76.370;10.000;0.000;0.000;0.000;0.000;2.9541;52.094;76.321;9.000;0.000;0.000;9021.000;0.000;2.8206;53.208;76.341;11.000;7.000;9.473;9021.000;0.000;2.8403;52.963;76.258;11.000;11.000;4.446;0.000;0.000
164;0.7836;1.3517;0.9362;1.2794;1.3176;1.9485;1.2897;2.9552;76.750;100.987;12.000;0.000;0.000;0.000;0.000;3.3974;75.330;103.194;11.000;0.000;0.000;2693.000;3233.000;3.3896;75.338;103.137;11.000;4.000;0.832;0.000;4149.000;2.8526;77.946;101.341;12.000;11.000;9.658;977.000;0.000
165;0.5578;0.6799;1.1309;0.5175;0.9375;0.7642;0.6408;2.8472;39.405;62.756;7.000;0.000;0.000;0.000;0.000;2.9815;38.668;63.121;6.000;0.000;0.000;11892.000;0.000;2.5661;41.094;62.140;11.000;11.000;19.792;0.000;0.000;2.7811;39.819;62.628;7.000;7.000;1.825;0.000;0.000
166;0.5326;0.5118;0.6328;1.8364;0.7872;1.8336;0.5729;2.8942;42.403;66.140;6.000;0.000;0.000;0.000;0.000;3.0948;42.089;67.470;6.000;0.000;0.000;2431.000;1522.000;2.6726;43.867;65.786;11.000;11.000;24.069;0.000;1330.000;2.8719;42.435;65.989;6.000;5.000;1.018;45.000;0.000
167;1.1551;1.0410;1.2055;1.6188;0.8584;1.2576;0.6702;2.9712;46.101;70.469;10.000;0.000;0.000;0.000;0.000;3.1668;45.050;71.022;8.000;0.000;0.000;13169.000;0.000;2.7918;46.859;69.755;11.000;7.000;17.660;13169.000;0.000;2.9644;46.284;70.597;10.000;9.000;1.596;0.000;598.000
168;1.4861;1.0489;0.5589;0.7505;0.6028;1.4048;0.8752;2.9748;55.275;79.673;10.000;0.000;0.000;0.000;0.000;3.0791;54.962;80.216;10.000;0.000;0.000;1965.000;2506.000;2.9406;56.084;80.201;12.000;7.000;9.233;1965.000;2506.000;2.9443;55.689;79.836;11.000;9.000;4.002;636.000;0.000
169;1.0329;1.1639;0.8383;1.9614;1.4201;1.2286;0.6173;3.0166;42.104;66.844;8.000;0.000;0.000;0.000;0.000;3.0674;41.950;67.107;7.000;0.000;0.000;2441.000;0.000;2.8249;43.793;66.961;11.000;11.000;20.420;0.000;1886.000;2.9640;42.327;66.636;9.000;8.000;1.620;319.000;0.000
170;0.8362;0.8458;1.3264;0.5597;0.6071;1.5034;0.8495;2.9616;55.134;79.424;10.000;0.000;0.000;0.000;0.000;3.3374;53.335;80.706;9.000;0.000;0.000;13028.000;2753.000;3.0989;55.237;80.652;12.000;7.000;10.158;13028.000;2753.000;2.9367;55.330;79.415;10.000;10.000;2.195;0.000;0.000
171;0.7572;0.5784;0.5622;0.8938;0.9460;1.9183;1.2560;2.9417;73.785;97.911;11.000;0.000;0.000;0.000;0.000;3.0786;72.774;98.023;9.000;0.000;0.000;1151.000;303.000;3.0722;72.604;97.801;12.000;4.000;1.761;0.000;691.000;2.9224;74.107;98.075;11.000;11.000;1.990;301.000;0.000
172;0.6802;1.2892;0.5089;1.4036;0.7713;1.2824;1.8800;3.0116;97.297;121.996;15.000;0.000;0.000;0.000;0.000;3.4537;94.609;122.935;12.000;0.000;0.000;3260.000;985.000;3.4277;94.455;122.567;14.000;4.000;2.059;0.000;2811.000;2.8603;100.116;123.575;16.000;18.000;23.084;0.000;0.000
173;1.9700;1.0793;0.5508;0.5447;0.7283;0.5698;0.7452;2.7805;45.094;67.899;9.000;0.000;0.000;0.000;0.000;2.9095;44.790;68.652;9.000;0.000;0.000;4546.000;0.000;2.6353;46.462;68.076;12.000;7.000;14.491;4546.000;0.000;2.7912;45.019;67.911;9.000;10.000;1.767;0.000;0.000
174;1.7067;0.7657;0.7894;1.5823;1.4358;0.7820;1.0033;2.8454;58.074;81.411;11.000;0.000;0.000;0.000;0.000;2.9217;57.704;81.666;11.000;0.000;0.000;2561.000;0.000;2.8317;58.471;81.696;12.000;7.000;4.143;2561.000;0.000;2.8057;58.501;81.511;11.000;10.000;4.556;1003.000;0.000
175;1.0869;1.3620;0.6020;1.4210;0.5720;1.1284;1.8537;2.9807;96.320;120.766;14.000;0.000;0.000;0.000;0.000;3.3635;93.628;121.214;12.000;0.000;0.000;11820.000;0.000;3.1620;93.897;119.830;13.000;4.000;0.845;0.000;0.000;2.9755;96.870;121.274;15.000;15.000;3.734;0.000;0.000
176;0.6341;1.4632;0.8602;0.6906;1.0192;0.6512;0.9269;2.8256;50.942;74.116;8.000;0.000;0.000;0.000;0.000;2.9794;50.682;75.117;7.000;0.000;0.000;3271.000;0.000;2.6951;51.907;74.011;11.000;11.000;8.452;0.000;0.000;2.7984;51.319;74.269;9.000;9.000;1.954;0.000;0.000
177;1.1265;1.4556;1.5454;1.7133;0.9810;1.7764;1.7318;2.9661;98.004;122.330;18.000;0.000;0.000;0.000;0.000;3.5272;95.589;124.517;14.000;0.000;0.000;13523.000;2356.000;3.5272;95.589;124.517;14.000;0.000;0.000;13523.000;2356.000;2.8950;99.104;122.847;13.000;19.000;8.770;0.000;0.000
178;0.9845;0.5820;0.8289;1.4060;1.0874;0.6482;1.6498;2.8148;84.527;107.612;14.000;0.000;0.000;0.000;0.000;3.0748;83.370;108.587;12.000;0.000;0.000;10337.000;0.000;2.8833;83.523;107.170;13.000;4.000;0.511;0.000;0.000;2.7547;85.916;108.508;12.000;16.000;11.426;0.000;0.000
179;1.2242;0.5975;1.5586;1.0205;0.8208;1.0334;1.0573;2.9485;62.856;87.037;12.000;0.000;0.000;0.000;0.000;3.0695;62.028;87.203;7.000;0.000;0.000;5231.000;0.000;3.0151;62.864;87.592;12.000;7.000;2.043;5231.000;0.000;2.9082;63.085;86.937;13.000;8.000;2.119;952.000;0.000
180;1.9401;1.2916;0.7307;0.8914;0.5839;0.8178;1.5313;2.8680;82.402;105.924;15.000;0.000;0.000;0.000;0.000;3.4745;80.160;108.656;11.000;0.000;0.000;15397.000;0.000;3.4745;80.160;108.656;11.000;0.000;0.000;15397.000;0.000;2.7608;84.371;107.014;12.000;18.000;16.291;0.000;0.000
181;0.8757;1.5361;0.7737;1.1859;0.5537;0.6017;0.8812;2.7905;49.190;72.076;8.000;0.000;0.000;0.000;0.000;2.8719;48.851;72.404;8.000;0.000;0.000;8340.000;0.000;2.6602;50.145;71.963;11.000;11.000;9.896;0.000;0.000;2.7492;49.621;72.168;9.000;9.000;3.581;0.000;0.000
182;1.7820;1.3416;0.6786;0.7553;0.5321;1.2166;1.8589;3.0055;99.047;123.696;16.000;0.000;0.000;0.000;0.000;3.2842;96.334;123.269;14.000;0.000;0.000;8159.000;0.000;3.2842;96.334;123.269;14.000;0.000;0.000;8159.000;0.000;2.9976;99.599;124.184;16.000;14.000;3.537;123.000;0.000
183;1.2180;1.4249;0.8465;1.4744;0.9858;1.3384;0.7157;2.9700;47.879;72.237;9.000;0.000;0.000;0.000;0.000;3.2820;47.387;74.304;5.000;0.000;0.000;4506.000;3132.000;2.9287;48.953;72.972;12.000;7.000;15.756;4506.000;3132.000;2.9576;47.965;72.221;5.000;9.000;2.470;0.000;0.000
184;1.3282;0.6913;0.7964;0.7417;0.9175;0.6741;1.1553;2.8075;63.260;86.286;11.000;0.000;0.000;0.000;0.000;3.0286;62.476;87.315;11.000;0.000;0.000;10025.000;0.000;3.0286;62.476;87.315;11.000;0.000;0.000;10025.000;0.000;2.7738;63.932;86.681;11.000;12.000;5.618;0.000;0.000
185;1.2237;0.6856;1.4574;1.2555;1.8875;1.6600;1.8574;2.9721;102.769;127.144;18.000;0.000;0.000;0.000;0.000;3.5332;99.183;128.160;15.000;0.000;0.000;15694.000;4288.000;3.5332;99.183;128.160;15.000;0.000;0.000;15694.000;4288.000;2.9566;103.269;127.517;13.000;19.000;3.903;0.000;0.000
186;1.7948;1.7559;1.9554;1.8801;0.8197;0.6008;1.8156;2.8052;96.833;119.840;19.000;0.000;0.000;0.000;0.000;3.0295;94.465;119.311;16.000;0.000;0.000;4470.000;0.000;3.0295;94.465;119.311;16.000;0.000;0.000;4470.000;0.000;2.7940;97.284;120.199;19.000;20.000;6.533;548.000;0.000
187;0.7714;1.6597;1.9877;1.1829;0.7438;1.2553;1.6132;3.0124;89.439;114.145;17.000;0.000;0.000;0.000;0.000;3.1498;88.354;114.187;14.000;0.000;0.000;8831.000;0.000;3.1498;88.354;114.187;14.000;0.000;0.000;8831.000;0.000;2.9162;91.043;114.960;13.000;16.000;12.952;204.000;0.000
188;0.6331;1.6866;1.3542;1.7980;0.8076;1.7663;0.6454;2.9378;47.323;71.417;9.000;0.000;0.000;0.000;0.000;3.4822;45.971;74.530;7.000;0.000;0.000;12924.000;2792.000;2.6613;49.013;70.839;12.000;11.000;18.876;0.000;471.000;2.8432;47.748;71.066;5.000;9.000;2.477;0.000;0.000
189;1.3682;1.8174;1.0751;0.6161;1.8960;1.1286;0.7324;2.9471;48.011;72.182;9.000;0.000;0.000;0.000;0.000;3.4102;46.821;74.789;8.000;0.000;0.000;20943.000;0.000;2.8673;48.387;71.904;11.000;7.000;14.924;20943.000;0.000;2.9526;48.054;72.269;9.000;9.000;1.534;0.000;0.000
190;1.7892;1.5725;1.8362;1.2262;0.6772;1.1460;1.0113;2.9716;63.947;88.318;14.000;0.000;0.000;0.000;0.000;3.3615;61.719;89.289;13.000;0.000;0.000;27700.000;0.000;3.6545;62.538;92.511;7.000;7.000;3.426;27700.000;0.000;2.9166;64.356;88.277;14.000;15.000;4.136;0.000;0.000
191;1.0107;0.5100;0.7143;0.7263;0.5649;0.8452;0.9314;2.8920;52.981;76.699;8.000;0.000;0.000;0.000;0.000;2.9671;52.745;77.079;8.000;0.000;0.000;1986.000;0.000;2.7623;53.945;76.599;11.000;11.000;7.756;0.000;0.000;2.8522;53.328;76.720;9.000;9.000;1.859;390.000;0.000
192;1.2941;1.0276;0.9379;0.6123;0.6936;0.7795;0.6143;2.8600;39.701;63.157;8.000;0.000;0.000;0.000;0.000;2.8806;39.608;63.233;7.000;0.000;0.000;1798.000;0.000;2.5661;41.453;62.499;11.000;7.000;20.118;1798.000;0.000;2.8324;39.904;63.133;8.000;4.000;1.286;1798.000;0.000
193;0.7142;0.8756;0.6884;0.7122;1.4818;0.8267;0.8496;2.8572;48.564;71.997;8.000;0.000;0.000;0.000;0.000;3.0030;47.699;72.328;7.000;0.000;0.000;2889.000;0.000;2.7008;49.565;71.716;11.000;11.000;11.823;0.000;0.000;2.8329;48.750;71.984;8.000;8.000;2.751;0.000;0.000
194;1.4786;1.4504;1.3498;1.1193;0.5458;1.6472;1.1924;2.9373;73.329;97.419;14.000;0.000;0.000;0.000;0.000;3.3185;72.093;99.310;13.000;0.000;0.000;6051.000;2612.000;3.3185;72.093;99.310;13.000;0.000;0.000;6051.000;2612.000;2.9034;73.782;97.594;15.000;16.000;5.205;0.000;0.000
195;1.8412;0.6427;0.5880;1.7462;0.7741;1.8915;1.4266;2.9403;84.350;108.464;15.000;0.000;0.000;0.000;0.000;3.4531;82.316;110.636;12.000;0.000;0.000;15108.000;3726.000;3.4531;82.316;110.636;12.000;0.000;0.000;15108.000;3726.000;2.8828;84.942;108.585;14.000;15.000;4.988;0.000;0.000
196;0.6830;1.1918;0.8026;1.5592;1.2197;1.3744;0.7436;2.9729;47.815;72.197;8.000;0.000;0.000;0.000;0.000;3.1346;47.230;72.939;8.000;0.000;0.000;5469.000;3265.000;2.8359;49.047;72.306;12.000;11.000;15.972;0.000;3136.000;2.9809;47.802;72.250;8.000;7.000;1.258;542.000;0.000
197;0.5155;0.8866;1.3508;1.7713;0.7663;0.9447;1.6973;2.9147;88.484;112.389;14.000;0.000;0.000;0.000;0.000;3.0306;87.315;112.170;13.000;0.000;0.000;2609.000;0.000;3.0018;87.364;111.984;13.000;4.000;0.356;0.000;0.000;2.8522;89.834;113.226;15.000;16.000;9.918;0.000;0.000
198;0.7082;1.2855;1.7014;1.1981;0.5870;1.2350;0.5297;2.9809;39.739;64.186;8.000;0.000;0.000;0.000;0.000;3.2549;38.519;65.214;6.000;0.000;0.000;17774.000;0.000;2.7447;40.216;62.726;11.000;7.000;23.741;17774.000;0.000;2.9528;39.862;64.080;8.000;8.000;1.028;0.000;0.000
199;0.7389;1.7037;1.3459;0.6737;1.3044;1.1074;1.5348;2.9685;82.881;107.227;13.000;0.000;0.000;0.000;0.000;3.3154;80.940;108.132;12.000;0.000;0.000;7171.000;0.000;3.3154;80.940;108.132;12.000;0.000;0.000;7171.000;0.000;2.8488;84.918;108.282;14.000;16.000;16.175;0.000;0.000

## Cout total (kEUR) a C_visite = 0.5 kEUR/intervention
policy;mean;std;P5;P50;P95;CVaR90;LPSP_mean;nint_mean;waste_mean;outage_h_mean
instant;95.143;20.776;65.650;93.167;130.399;131.952;2.9146;11.62;0.000;0
corrective;95.547;20.434;66.112;93.434;130.269;131.581;3.2071;9.88;0.000;10088
calendar;102.942;13.818;87.429;97.444;131.522;132.293;2.9953;11.89;7.267;7220
rul;101.016;25.377;66.797;97.868;139.292;146.408;2.8593;11.34;5.767;144
# differences appariees CRN (negatif = 1er gagne)
paire;mean;std;P5;P95;pct_gagne
rul - corrective;5.469;6.226;-0.994;17.707;11.0%
rul - calendar;-1.926;13.319;-22.885;17.344;47.0%
calendar - corrective;7.395;8.679;-0.175;23.291;6.0%
rul - instant;5.873;5.918;0.424;17.508;2.5%

## Cout total (kEUR) a C_visite = 1.5 kEUR/intervention
policy;mean;std;P5;P50;P95;CVaR90;LPSP_mean;nint_mean;waste_mean;outage_h_mean
instant;106.763;23.711;73.226;105.313;147.729;148.790;2.9146;11.62;0.000;0
corrective;105.427;22.693;72.625;103.754;143.592;144.881;3.2071;9.88;0.000;10088
calendar;114.837;14.745;98.429;109.327;145.522;146.352;2.9953;11.89;7.267;7220
rul;112.351;28.429;74.946;108.906;156.392;163.458;2.8593;11.34;5.767;144
# differences appariees CRN (negatif = 1er gagne)
paire;mean;std;P5;P95;pct_gagne
rul - corrective;6.924;7.378;-0.672;21.883;6.5%
rul - calendar;-2.486;15.744;-26.705;19.888;46.5%
calendar - corrective;9.410;10.450;0.000;28.465;3.0%
rul - instant;5.588;6.669;-2.591;18.742;12.0%

## Cout total (kEUR) a C_visite = 3.0 kEUR/intervention
policy;mean;std;P5;P50;P95;CVaR90;LPSP_mean;nint_mean;waste_mean;outage_h_mean
instant;124.193;28.177;83.726;123.167;172.849;174.199;2.9146;11.62;0.000;0
corrective;120.247;26.237;83.125;120.162;165.270;165.106;3.2071;9.88;0.000;10088
calendar;132.679;16.293;114.665;126.801;166.184;167.717;2.9953;11.89;7.267;7220
rul;129.353;33.159;85.431;126.474;183.876;189.374;2.8593;11.34;5.767;144
# differences appariees CRN (negatif = 1er gagne)
paire;mean;std;P5;P95;pct_gagne
rul - corrective;9.107;9.542;-1.406;27.883;8.5%
rul - calendar;-3.326;19.734;-33.932;27.059;50.5%
calendar - corrective;12.433;13.487;0.000;35.414;4.5%
rul - instant;5.161;8.387;-9.562;20.514;17.5%
