# Valeur de la RUL -- maintenance insulaire (fenetres de visite + cout fixe)
# horizon=25 ans | N_MC=200 | mult U_log[0.50,2.00] | seed=2026 | VoLL=3.0 | Tvisite=3m | marge=1 | prev=fc+ely
# strategie de conduite FIXE : RB2(SoH) ; politiques : ['instant', 'corrective', 'calendar', 'rul']
# ages calendaires de ref (nominal x 1.00) : {'bat': 3.89, 'fc': 5.52, 'ely': None}
# cout total = uni0 + C_visite*n_interventions + gaspillage ; C_visite en post-proc
# TEST NUL instant==base : OK (ecart 0.000e+00 kEUR)

## Points nominaux (multiplicateurs = 1)
policy;lpsp;deg;uni0;nint;nprev;waste;wbat;wfc;wely;outfc;outely
instant;2.9099;58.024;81.889;10.000;0.000;0.000;0.000;0.000;0.000;0.000;0.000
corrective;3.1078;57.460;82.948;10.000;0.000;0.000;0.000;0.000;0.000;7467.000;0.000
calendar;2.9589;57.762;82.029;10.000;4.000;0.039;0.000;0.039;0.000;0.000;0.000
rul;2.9589;57.762;82.029;10.000;4.000;0.039;0.000;0.039;0.000;0.000;0.000

## Tirages (mondes perturbes, 200 complets)
draw;m_fc_a;m_fc_b;m_fc_s;m_ely_a;m_ely_b;m_ely_s;m_bat;instant_lpsp;instant_deg;instant_uni0;instant_nint;instant_nprev;instant_waste;instant_wbat;instant_wfc;instant_wely;instant_outfc;instant_outely;corrective_lpsp;corrective_deg;corrective_uni0;corrective_nint;corrective_nprev;corrective_waste;corrective_wbat;corrective_wfc;corrective_wely;corrective_outfc;corrective_outely;calendar_lpsp;calendar_deg;calendar_uni0;calendar_nint;calendar_nprev;calendar_waste;calendar_wbat;calendar_wfc;calendar_wely;calendar_outfc;calendar_outely;rul_lpsp;rul_deg;rul_uni0;rul_nint;rul_nprev;rul_waste;rul_wbat;rul_wfc;rul_wely;rul_outfc;rul_outely
0;0.6408;1.2140;0.9556;0.8357;0.8178;1.4959;1.7536;2.9521;94.154;118.365;15.000;0.000;0.000;0.000;0.000;0.000;0.000;0.000;3.0532;93.798;118.839;15.000;0.000;0.000;0.000;0.000;0.000;1550.000;771.000;2.9885;93.830;118.340;16.000;4.000;1.040;0.000;1.040;0.000;0.000;115.000;2.9828;93.892;118.355;13.000;2.000;0.068;0.000;0.068;0.000;249.000;192.000
1;0.6394;1.2359;0.7561;1.9105;1.7897;1.2073;1.4196;3.0084;76.774;101.447;12.000;0.000;0.000;0.000;0.000;0.000;0.000;0.000;3.0572;76.481;101.554;11.000;0.000;0.000;0.000;0.000;0.000;1593.000;0.000;3.0580;76.354;101.434;10.000;4.000;1.535;0.000;1.535;0.000;0.000;0.000;3.0620;76.498;101.610;11.000;3.000;0.097;0.000;0.097;0.000;0.000;0.000
2;1.0212;1.5711;0.9309;0.7998;0.7350;0.6843;1.0364;2.8267;57.482;80.665;10.000;0.000;0.000;0.000;0.000;0.000;0.000;0.000;2.9506;57.149;81.348;9.000;0.000;0.000;0.000;0.000;0.000;3530.000;0.000;2.8906;57.118;80.825;10.000;4.000;0.148;0.000;0.148;0.000;0.000;0.000;2.8906;57.118;80.825;10.000;4.000;0.148;0.000;0.148;0.000;0.000;0.000
3;0.9087;1.2538;0.5090;0.9301;0.8295;0.6556;1.1406;2.8093;60.548;83.589;10.000;0.000;0.000;0.000;0.000;0.000;0.000;0.000;2.9055;60.133;83.962;10.000;0.000;0.000;0.000;0.000;0.000;5217.000;0.000;2.8316;60.106;83.329;11.000;4.000;1.509;0.000;1.509;0.000;0.000;0.000;2.8451;60.255;83.589;10.000;3.000;0.034;0.000;0.034;0.000;0.000;0.000
4;0.9142;0.7578;0.6684;1.6809;1.5104;1.1594;0.8068;2.9652;49.382;73.701;8.000;0.000;0.000;0.000;0.000;0.000;0.000;0.000;3.0475;48.926;73.920;7.000;0.000;0.000;0.000;0.000;0.000;1938.000;0.000;3.0375;48.913;73.825;8.000;4.000;1.105;0.000;1.105;0.000;0.000;0.000;3.0408;49.020;73.959;7.000;1.000;0.009;0.000;0.009;0.000;113.000;0.000
5;1.8579;1.0918;0.9110;1.7422;0.7785;1.3122;0.7725;3.0073;51.956;76.620;11.000;0.000;0.000;0.000;0.000;0.000;0.000;0.000;3.1972;51.549;77.771;11.000;0.000;0.000;0.000;0.000;0.000;5080.000;804.000;3.1972;51.549;77.771;11.000;0.000;0.000;0.000;0.000;0.000;5080.000;804.000;3.0084;51.896;76.569;11.000;4.000;0.142;0.000;0.043;0.099;105.000;0.000
6;0.7185;1.3210;0.6858;0.9905;1.1173;0.6497;1.3779;2.8130;71.054;94.124;11.000;0.000;0.000;0.000;0.000;0.000;0.000;0.000;2.9355;70.512;94.587;10.000;0.000;0.000;0.000;0.000;0.000;3515.000;0.000;2.8670;70.438;93.951;12.000;4.000;1.513;0.000;1.513;0.000;0.000;0.000;2.8796;70.563;94.180;11.000;3.000;0.064;0.000;0.064;0.000;0.000;0.000
7;1.0695;1.1835;0.8376;0.8953;0.9929;0.9592;1.2757;2.9064;69.809;93.645;12.000;0.000;0.000;0.000;0.000;0.000;0.000;0.000;3.0543;69.103;94.153;11.000;0.000;0.000;0.000;0.000;0.000;6690.000;0.000;2.9654;69.301;93.621;11.000;4.000;0.276;0.000;0.276;0.000;0.000;0.000;2.9711;69.335;93.702;11.000;4.000;0.061;0.000;0.061;0.000;0.000;0.000
8;1.1129;0.8904;0.5013;1.5032;1.0272;0.7863;0.9999;2.8355;55.592;78.847;9.000;0.000;0.000;0.000;0.000;0.000;0.000;0.000;2.9147;55.218;79.122;9.000;0.000;0.000;0.000;0.000;0.000;3545.000;0.000;2.8774;55.223;78.822;10.000;4.000;1.036;0.000;1.036;0.000;0.000;0.000;2.8874;55.325;79.006;9.000;3.000;0.075;0.000;0.075;0.000;0.000;0.000
9;0.5692;1.7525;1.9717;0.5424;0.8216;1.3757;0.7730;3.0136;51.619;76.335;10.000;0.000;0.000;0.000;0.000;0.000;0.000;0.000;3.2716;51.020;77.852;10.000;0.000;0.000;0.000;0.000;0.000;6804.000;2081.000;3.2716;51.020;77.852;10.000;0.000;0.000;0.000;0.000;0.000;6804.000;2081.000;3.0310;51.575;76.434;10.000;6.000;0.183;0.000;0.147;0.036;0.000;0.000
10;1.0974;0.8908;1.4625;1.8881;1.7133;1.1825;0.6244;3.0115;43.905;68.603;9.000;0.000;0.000;0.000;0.000;0.000;0.000;0.000;3.1573;43.404;69.299;8.000;0.000;0.000;0.000;0.000;0.000;7429.000;0.000;3.1573;43.404;69.299;8.000;0.000;0.000;0.000;0.000;0.000;7429.000;0.000;3.0208;43.893;68.668;8.000;5.000;0.121;0.000;0.121;0.000;0.000;0.000
11;1.8585;0.5167;0.7555;0.7388;1.2690;0.9826;0.5687;2.8921;40.134;63.853;8.000;0.000;0.000;0.000;0.000;0.000;0.000;0.000;3.0323;39.700;64.569;8.000;0.000;0.000;0.000;0.000;0.000;6432.000;0.000;3.0323;39.700;64.569;8.000;0.000;0.000;0.000;0.000;0.000;6432.000;0.000;2.9160;40.071;63.987;8.000;3.000;0.017;0.000;0.017;0.000;216.000;0.000
12;0.5090;1.1556;0.9883;1.1509;1.0928;1.7182;1.7861;2.9592;96.978;121.247;15.000;0.000;0.000;0.000;0.000;0.000;0.000;0.000;3.1080;96.230;121.720;15.000;0.000;0.000;0.000;0.000;0.000;3206.000;1864.000;3.0190;96.317;121.077;16.000;4.000;1.291;0.000;1.291;0.000;0.000;1190.000;2.9971;96.455;121.036;15.000;4.000;0.121;0.000;0.082;0.039;0.000;0.000
13;0.6491;1.8458;1.4901;1.2126;1.2477;1.0659;1.7833;2.9399;94.081;118.192;15.000;0.000;0.000;0.000;0.000;0.000;0.000;0.000;3.0812;93.485;118.755;14.000;0.000;0.000;0.000;0.000;0.000;3559.000;0.000;3.0812;93.485;118.755;14.000;0.000;0.000;0.000;0.000;0.000;3559.000;0.000;2.9973;93.583;118.165;15.000;4.000;0.166;0.000;0.166;0.000;0.000;0.000
14;0.6909;1.1476;1.5459;0.6027;1.1737;0.8740;1.4460;2.8815;77.875;101.507;14.000;0.000;0.000;0.000;0.000;0.000;0.000;0.000;2.9410;77.448;101.569;13.000;0.000;0.000;0.000;0.000;0.000;2610.000;0.000;2.9410;77.448;101.569;13.000;0.000;0.000;0.000;0.000;0.000;2610.000;0.000;2.9267;77.507;101.510;14.000;5.000;0.252;0.000;0.252;0.000;0.000;0.000
15;0.5492;1.1596;1.6405;1.1947;0.7806;1.2411;0.7990;3.0288;51.163;76.004;10.000;0.000;0.000;0.000;0.000;0.000;0.000;0.000;3.1033;50.506;75.957;8.000;0.000;0.000;0.000;0.000;0.000;7019.000;0.000;3.1033;50.506;75.957;8.000;0.000;0.000;0.000;0.000;0.000;7019.000;0.000;3.0728;50.889;76.090;5.000;5.000;0.134;0.000;0.062;0.072;0.000;0.000
16;1.2633;0.5974;0.7371;0.5232;0.5617;1.0789;0.6894;2.9355;44.559;68.635;8.000;0.000;0.000;0.000;0.000;0.000;0.000;0.000;3.2074;44.165;70.470;4.000;0.000;0.000;0.000;0.000;0.000;6799.000;0.000;2.9536;44.468;68.692;8.000;4.000;0.053;0.000;0.053;0.000;0.000;0.000;2.9536;44.468;68.692;8.000;4.000;0.053;0.000;0.053;0.000;0.000;0.000
17;1.0225;1.2476;1.6963;0.8180;0.7777;0.7724;0.5887;2.8427;39.929;63.243;9.000;0.000;0.000;0.000;0.000;0.000;0.000;0.000;2.9732;39.514;63.899;8.000;0.000;0.000;0.000;0.000;0.000;8328.000;0.000;2.9732;39.514;63.899;8.000;0.000;0.000;0.000;0.000;0.000;8328.000;0.000;2.8530;39.893;63.292;9.000;6.000;0.132;0.000;0.132;0.000;0.000;0.000
18;1.2539;1.5576;0.9633;1.0842;1.8881;1.3175;1.4045;3.0201;78.796;103.565;14.000;0.000;0.000;0.000;0.000;0.000;0.000;0.000;3.1164;78.111;103.670;11.000;0.000;0.000;0.000;0.000;0.000;2359.000;272.000;3.1164;78.111;103.670;11.000;0.000;0.000;0.000;0.000;0.000;2359.000;272.000;3.0794;78.229;103.485;12.000;2.000;0.104;0.000;0.007;0.097;435.000;0.000
19;1.7159;0.6744;1.2314;1.3517;1.6071;0.8053;1.2992;2.8901;72.621;96.325;14.000;0.000;0.000;0.000;0.000;0.000;0.000;0.000;3.0470;71.966;96.955;13.000;0.000;0.000;0.000;0.000;0.000;12661.000;0.000;3.0470;71.966;96.955;13.000;0.000;0.000;0.000;0.000;0.000;12661.000;0.000;2.9183;72.248;96.183;14.000;6.000;0.032;0.000;0.032;0.000;0.000;0.000
20;1.1557;0.8819;0.5757;0.8157;1.9013;0.6750;0.5853;2.8179;36.520;59.631;6.000;0.000;0.000;0.000;0.000;0.000;0.000;0.000;2.9471;36.420;60.590;6.000;0.000;0.000;0.000;0.000;0.000;2774.000;0.000;2.8066;36.396;59.414;7.000;4.000;0.733;0.000;0.733;0.000;0.000;0.000;2.8152;36.504;59.592;6.000;3.000;0.093;0.000;0.093;0.000;0.000;0.000
21;0.8324;0.5751;0.7242;1.7763;0.7779;1.1264;0.6962;2.9427;44.220;68.354;7.000;0.000;0.000;0.000;0.000;0.000;0.000;0.000;3.0327;43.940;68.813;7.000;0.000;0.000;0.000;0.000;0.000;3215.000;0.000;2.9701;43.976;68.336;8.000;4.000;1.162;0.000;1.162;0.000;0.000;0.000;2.9770;44.074;68.490;7.000;3.000;0.074;0.000;0.074;0.000;0.000;0.000
22;1.2622;0.5968;1.4945;0.8987;0.6450;1.4305;1.0782;3.0062;66.354;91.009;13.000;0.000;0.000;0.000;0.000;0.000;0.000;0.000;3.1341;65.603;91.306;12.000;0.000;0.000;0.000;0.000;0.000;9700.000;932.000;3.1341;65.603;91.306;12.000;0.000;0.000;0.000;0.000;0.000;9700.000;932.000;3.0214;66.256;91.036;13.000;7.000;0.118;0.000;0.066;0.052;0.000;0.000
23;0.9178;0.6980;1.4771;0.8296;0.5308;1.9063;0.5216;2.9164;43.737;67.655;9.000;0.000;0.000;0.000;0.000;0.000;0.000;0.000;3.0577;43.138;68.215;9.000;0.000;0.000;0.000;0.000;0.000;5777.000;1882.000;3.0577;43.138;68.215;9.000;0.000;0.000;0.000;0.000;0.000;5777.000;1882.000;2.9123;43.700;67.585;8.000;5.000;0.188;0.000;0.188;0.000;0.000;70.000
24;0.5909;0.9537;0.6670;0.7957;1.0982;1.8865;1.8310;2.9277;99.339;123.350;14.000;0.000;0.000;0.000;0.000;0.000;0.000;0.000;3.1636;98.412;124.358;12.000;0.000;0.000;0.000;0.000;0.000;2147.000;1040.000;3.0024;98.378;123.002;16.000;4.000;1.878;0.000;1.878;0.000;0.000;554.000;2.9973;98.575;123.157;14.000;3.000;0.129;0.000;0.028;0.101;0.000;0.000
25;0.5539;1.6320;0.6310;1.5399;0.7540;1.3525;1.3543;2.9987;74.320;98.913;11.000;0.000;0.000;0.000;0.000;0.000;0.000;0.000;3.0877;73.768;99.092;11.000;0.000;0.000;0.000;0.000;0.000;2998.000;526.000;3.1436;73.631;99.412;13.000;4.000;2.042;0.000;2.042;0.000;0.000;2158.000;3.0518;73.908;98.937;11.000;3.000;0.113;0.000;0.032;0.081;0.000;0.000
26;1.6257;1.9443;0.7325;1.1947;1.3933;0.5584;1.2535;2.8012;67.369;90.343;13.000;0.000;0.000;0.000;0.000;0.000;0.000;0.000;2.9044;67.085;90.906;12.000;0.000;0.000;0.000;0.000;0.000;3216.000;0.000;2.9044;67.085;90.906;12.000;0.000;0.000;0.000;0.000;0.000;3216.000;0.000;2.8322;67.118;90.346;12.000;5.000;0.283;0.000;0.283;0.000;0.000;0.000
27;0.7808;0.6254;1.0710;0.9485;1.1128;1.2174;0.9982;3.0069;59.076;83.737;10.000;0.000;0.000;0.000;0.000;0.000;0.000;0.000;3.0567;58.738;83.807;9.000;0.000;0.000;0.000;0.000;0.000;2399.000;0.000;3.0342;58.800;83.684;10.000;4.000;0.416;0.000;0.416;0.000;0.000;0.000;3.0473;58.811;83.803;8.000;1.000;0.008;0.000;0.008;0.000;527.000;0.000
28;1.7536;0.6399;0.7462;0.8193;1.4628;1.2347;0.6657;2.9948;45.874;70.436;9.000;0.000;0.000;0.000;0.000;0.000;0.000;0.000;3.0715;45.599;70.790;8.000;0.000;0.000;0.000;0.000;0.000;2086.000;0.000;3.0715;45.599;70.790;8.000;0.000;0.000;0.000;0.000;0.000;2086.000;0.000;3.0197;45.683;70.449;9.000;4.000;0.231;0.000;0.231;0.000;152.000;0.000
29;1.4034;1.4571;1.4545;0.5574;0.6710;1.7300;1.6922;2.9646;96.191;120.506;17.000;0.000;0.000;0.000;0.000;0.000;0.000;0.000;3.1332;94.695;120.392;15.000;0.000;0.000;0.000;0.000;0.000;5740.000;938.000;3.1332;94.695;120.392;15.000;0.000;0.000;0.000;0.000;0.000;5740.000;938.000;3.0437;95.095;120.058;13.000;7.000;0.358;0.000;0.272;0.085;0.000;0.000
30;0.6649;1.0738;0.7196;0.8904;0.5147;0.7389;0.7277;2.8290;42.450;65.652;7.000;0.000;0.000;0.000;0.000;0.000;0.000;0.000;2.8662;42.274;65.781;7.000;0.000;0.000;0.000;0.000;0.000;2583.000;0.000;2.8328;42.225;65.458;4.000;4.000;1.558;0.000;1.558;0.000;0.000;0.000;2.8528;42.343;65.740;7.000;1.000;0.002;0.000;0.002;0.000;422.000;0.000
31;1.7879;1.1297;0.6395;0.9045;0.9903;1.2098;1.0460;2.9966;62.602;87.179;11.000;0.000;0.000;0.000;0.000;0.000;0.000;0.000;3.0903;62.208;87.553;11.000;0.000;0.000;0.000;0.000;0.000;7299.000;0.000;3.0903;62.208;87.553;11.000;0.000;0.000;0.000;0.000;0.000;7299.000;0.000;3.0073;62.557;87.221;10.000;5.000;0.135;0.000;0.135;0.000;0.000;0.000
32;0.8963;0.7693;1.1096;1.9341;1.0762;1.7100;0.5107;2.8985;41.047;64.819;8.000;0.000;0.000;0.000;0.000;0.000;0.000;0.000;3.0886;40.438;65.769;8.000;0.000;0.000;0.000;0.000;0.000;5956.000;2018.000;2.9499;40.927;65.120;8.000;4.000;0.052;0.000;0.052;0.000;0.000;796.000;2.9147;40.970;64.874;8.000;5.000;0.121;0.000;0.032;0.088;0.000;0.000
33;0.6626;1.6581;1.1011;0.9829;0.8337;0.7529;1.2813;2.8525;68.432;91.827;12.000;0.000;0.000;0.000;0.000;0.000;0.000;0.000;2.9171;67.917;91.841;10.000;0.000;0.000;0.000;0.000;0.000;219.000;0.000;2.9016;67.835;91.632;11.000;4.000;0.607;0.000;0.607;0.000;0.000;0.000;2.9171;67.917;91.841;10.000;0.000;0.000;0.000;0.000;0.000;219.000;0.000
34;0.8302;0.9141;1.4678;1.8562;1.9825;0.9793;0.6056;2.9202;40.875;64.825;8.000;0.000;0.000;0.000;0.000;0.000;0.000;0.000;3.0044;40.435;65.075;7.000;0.000;0.000;0.000;0.000;0.000;7606.000;0.000;3.0044;40.435;65.075;7.000;0.000;0.000;0.000;0.000;0.000;7606.000;0.000;2.9229;40.854;64.826;8.000;5.000;0.098;0.000;0.098;0.000;0.000;0.000
35;0.5176;0.9926;0.5558;0.5886;0.6924;1.9779;0.6261;2.9508;45.108;69.310;7.000;0.000;0.000;0.000;0.000;0.000;0.000;0.000;3.0578;44.888;69.967;6.000;0.000;0.000;0.000;0.000;0.000;2392.000;592.000;3.0750;44.813;70.032;8.000;4.000;2.341;0.000;2.341;0.000;0.000;2123.000;2.9520;45.061;69.271;6.000;3.000;0.163;0.000;0.027;0.135;0.000;0.000
36;0.5825;1.7800;1.1844;1.3946;0.8176;1.8247;1.9348;2.9641;105.074;129.384;17.000;0.000;0.000;0.000;0.000;0.000;0.000;0.000;3.2590;103.744;130.473;14.000;0.000;0.000;0.000;0.000;0.000;2392.000;2078.000;3.2234;103.614;130.051;15.000;4.000;0.646;0.000;0.646;0.000;0.000;1935.000;3.0697;103.545;128.721;15.000;2.000;0.015;0.000;0.008;0.007;483.000;0.000
37;1.0844;1.9638;1.0081;0.9199;1.4854;1.2214;0.6602;3.0017;44.514;69.132;8.000;0.000;0.000;0.000;0.000;0.000;0.000;0.000;3.2431;43.958;70.556;8.000;0.000;0.000;0.000;0.000;0.000;7578.000;0.000;3.2431;43.958;70.556;8.000;0.000;0.000;0.000;0.000;0.000;7578.000;0.000;3.0175;44.395;69.143;8.000;4.000;0.037;0.000;0.037;0.000;0.000;0.000
38;1.0209;0.5115;1.6833;1.0606;0.5331;1.8347;1.9984;2.9671;110.356;134.690;19.000;0.000;0.000;0.000;0.000;0.000;0.000;0.000;3.1990;109.479;135.715;18.000;0.000;0.000;0.000;0.000;0.000;7048.000;1659.000;3.1990;109.479;135.715;18.000;0.000;0.000;0.000;0.000;0.000;7048.000;1659.000;3.0044;109.923;134.563;13.000;7.000;0.217;0.000;0.193;0.023;0.000;0.000
39;1.3895;0.9092;1.1351;0.5071;0.5811;0.7911;0.8843;2.8576;52.827;76.264;10.000;0.000;0.000;0.000;0.000;0.000;0.000;0.000;3.1039;52.538;77.995;5.000;0.000;0.000;0.000;0.000;0.000;5103.000;0.000;3.1039;52.538;77.995;5.000;0.000;0.000;0.000;0.000;0.000;5103.000;0.000;2.8676;52.738;76.256;10.000;5.000;0.205;0.000;0.205;0.000;0.000;0.000
40;1.4259;0.6335;0.5873;1.3149;1.7125;1.6927;1.3985;2.9608;80.505;104.787;13.000;0.000;0.000;0.000;0.000;0.000;0.000;0.000;3.3317;79.749;107.074;12.000;0.000;0.000;0.000;0.000;0.000;6489.000;1107.000;3.0786;79.859;105.108;13.000;4.000;0.082;0.000;0.082;0.000;0.000;1766.000;3.0239;79.983;104.783;13.000;5.000;0.069;0.000;0.040;0.029;0.000;0.000
41;1.9550;1.0311;1.4630;0.8915;0.8159;1.7674;0.9084;2.9337;62.802;86.862;13.000;0.000;0.000;0.000;0.000;0.000;0.000;0.000;3.1120;62.142;87.665;13.000;0.000;0.000;0.000;0.000;0.000;5755.000;975.000;3.1120;62.142;87.665;13.000;0.000;0.000;0.000;0.000;0.000;5755.000;975.000;2.9866;62.613;87.108;12.000;4.000;0.143;0.000;0.032;0.111;567.000;0.000
42;1.4073;0.9959;0.5842;0.5962;1.0141;1.3336;1.3996;3.0326;77.909;102.780;13.000;0.000;0.000;0.000;0.000;0.000;0.000;0.000;3.3212;77.054;104.293;13.000;0.000;0.000;0.000;0.000;0.000;5597.000;2012.000;3.0939;77.388;102.762;13.000;4.000;0.090;0.000;0.090;0.000;0.000;7.000;3.0763;77.391;102.622;13.000;5.000;0.184;0.000;0.090;0.094;0.000;0.000
43;0.7963;0.5064;1.0473;0.6503;0.7793;1.0965;0.8607;2.9477;52.013;76.189;9.000;0.000;0.000;0.000;0.000;0.000;0.000;0.000;3.1495;51.446;77.277;7.000;0.000;0.000;0.000;0.000;0.000;8063.000;0.000;2.9992;51.665;76.263;9.000;4.000;0.435;0.000;0.435;0.000;0.000;0.000;3.0048;51.701;76.345;9.000;4.000;0.024;0.000;0.024;0.000;0.000;0.000
44;0.9447;0.5362;0.6444;1.6064;1.0166;1.7055;1.6410;2.9452;90.664;114.819;14.000;0.000;0.000;0.000;0.000;0.000;0.000;0.000;3.1144;89.590;115.133;13.000;0.000;0.000;0.000;0.000;0.000;3339.000;1173.000;3.0538;89.641;114.687;14.000;4.000;1.128;0.000;1.128;0.000;0.000;1353.000;3.0216;89.789;114.571;13.000;3.000;0.063;0.000;0.010;0.053;276.000;0.000
45;0.6535;0.8701;1.0364;0.5724;0.5628;1.6054;1.5729;2.9589;86.901;111.168;14.000;0.000;0.000;0.000;0.000;0.000;0.000;0.000;3.1299;86.367;112.037;13.000;0.000;0.000;0.000;0.000;0.000;4993.000;2075.000;3.0017;86.501;111.120;14.000;4.000;0.850;0.000;0.850;0.000;0.000;2017.000;2.9909;86.681;111.211;12.000;4.000;0.048;0.000;0.042;0.006;0.000;0.000
46;0.8506;1.3316;1.0252;1.4096;0.7740;0.9646;1.7242;2.9176;89.830;113.758;15.000;0.000;0.000;0.000;0.000;0.000;0.000;0.000;3.0478;88.895;113.891;13.000;0.000;0.000;0.000;0.000;0.000;3784.000;0.000;2.9934;88.949;113.500;13.000;4.000;0.344;0.000;0.344;0.000;0.000;0.000;2.9970;88.984;113.564;14.000;4.000;0.137;0.000;0.137;0.000;0.000;0.000
47;1.5511;0.7684;1.6977;0.8690;1.2877;1.3407;0.8726;2.9673;57.984;82.320;13.000;0.000;0.000;0.000;0.000;0.000;0.000;0.000;3.1431;57.490;83.267;13.000;0.000;0.000;0.000;0.000;0.000;6090.000;1237.000;3.1431;57.490;83.267;13.000;0.000;0.000;0.000;0.000;0.000;6090.000;1237.000;2.9765;57.908;82.319;13.000;8.000;0.537;0.000;0.455;0.083;0.000;0.000
48;1.5737;0.9531;1.8939;1.8320;1.7417;1.7614;0.6131;2.9457;49.711;73.871;11.000;0.000;0.000;0.000;0.000;0.000;0.000;0.000;3.0524;49.222;74.255;9.000;0.000;0.000;0.000;0.000;0.000;4976.000;670.000;3.0524;49.222;74.255;9.000;0.000;0.000;0.000;0.000;0.000;4976.000;670.000;2.9543;49.627;73.856;12.000;7.000;0.557;0.000;0.557;0.000;173.000;142.000
49;1.2283;1.3969;1.0407;1.0413;0.6611;0.6248;1.4807;2.8071;77.971;100.993;14.000;0.000;0.000;0.000;0.000;0.000;0.000;0.000;2.9138;77.222;101.119;13.000;0.000;0.000;0.000;0.000;0.000;5709.000;0.000;2.9138;77.222;101.119;13.000;0.000;0.000;0.000;0.000;0.000;5709.000;0.000;2.8710;77.338;100.884;14.000;5.000;0.170;0.000;0.170;0.000;0.000;0.000
50;0.6152;1.3721;0.5564;0.8855;0.5169;1.2490;0.7505;3.0086;46.272;70.946;7.000;0.000;0.000;0.000;0.000;0.000;0.000;0.000;3.0627;46.214;71.332;6.000;0.000;0.000;0.000;0.000;0.000;1052.000;0.000;3.0084;46.083;70.756;8.000;4.000;2.088;0.000;2.088;0.000;0.000;0.000;3.0261;46.234;71.052;6.000;1.000;0.028;0.000;0.028;0.000;425.000;134.000
51;0.9562;0.7438;1.0221;1.2443;0.6302;1.4683;1.4794;2.9631;82.801;107.103;14.000;0.000;0.000;0.000;0.000;0.000;0.000;0.000;3.1907;81.856;108.025;13.000;0.000;0.000;0.000;0.000;0.000;5504.000;1578.000;3.1021;82.153;107.595;10.000;4.000;0.125;0.000;0.125;0.000;0.000;726.000;3.0257;82.185;107.000;10.000;5.000;0.184;0.000;0.107;0.076;0.000;0.000
52;1.8459;0.8476;1.6774;0.5693;1.9832;0.6710;0.8396;2.8097;52.787;75.831;12.000;0.000;0.000;0.000;0.000;0.000;0.000;0.000;2.9334;52.282;76.341;12.000;0.000;0.000;0.000;0.000;0.000;6760.000;0.000;2.9334;52.282;76.341;12.000;0.000;0.000;0.000;0.000;0.000;6760.000;0.000;2.8460;52.537;75.878;13.000;8.000;0.482;0.000;0.482;0.000;0.000;0.000
53;0.5692;1.5914;0.9807;1.8984;0.6110;1.7215;0.8231;2.9441;53.944;78.090;9.000;0.000;0.000;0.000;0.000;0.000;0.000;0.000;3.1971;53.528;79.749;8.000;0.000;0.000;0.000;0.000;0.000;3484.000;1860.000;3.0765;53.672;78.904;10.000;4.000;1.165;0.000;1.165;0.000;0.000;1425.000;2.9631;53.746;78.048;9.000;4.000;0.114;0.000;0.084;0.030;0.000;0.000
54;0.6938;1.2434;0.5214;1.0359;0.9641;0.5348;0.9128;2.7903;48.897;71.782;7.000;0.000;0.000;0.000;0.000;0.000;0.000;0.000;2.8256;48.812;71.986;7.000;0.000;0.000;0.000;0.000;0.000;2786.000;0.000;2.7881;48.574;71.441;9.000;4.000;1.984;0.000;1.984;0.000;0.000;0.000;2.8078;48.816;71.844;7.000;2.000;0.036;0.000;0.036;0.000;0.000;0.000
55;0.7630;0.7058;1.8158;1.1460;0.6191;1.4283;0.8346;2.9654;55.177;79.497;11.000;0.000;0.000;0.000;0.000;0.000;0.000;0.000;3.3511;54.419;81.902;11.000;0.000;0.000;0.000;0.000;0.000;8681.000;851.000;3.3511;54.419;81.902;11.000;0.000;0.000;0.000;0.000;0.000;8681.000;851.000;2.9922;55.047;79.587;11.000;6.000;0.080;0.000;0.075;0.005;0.000;0.000
56;1.1469;0.8467;1.2117;1.2869;0.7408;1.5824;1.1779;2.9472;71.053;95.225;13.000;0.000;0.000;0.000;0.000;0.000;0.000;0.000;3.1311;70.230;95.909;13.000;0.000;0.000;0.000;0.000;0.000;3323.000;1051.000;3.1311;70.230;95.909;13.000;0.000;0.000;0.000;0.000;0.000;3323.000;1051.000;3.0243;70.464;95.268;13.000;5.000;0.235;0.000;0.226;0.009;101.000;0.000
57;1.1571;0.6764;0.7110;0.8650;0.5240;0.5394;1.2530;2.7897;65.930;88.810;12.000;0.000;0.000;0.000;0.000;0.000;0.000;0.000;2.8593;65.663;89.113;11.000;0.000;0.000;0.000;0.000;0.000;2509.000;0.000;2.8226;65.661;88.810;11.000;4.000;0.379;0.000;0.379;0.000;0.000;0.000;2.8283;65.696;88.892;11.000;4.000;0.164;0.000;0.164;0.000;0.000;0.000
58;0.7754;1.3571;0.5547;1.3950;0.6729;1.6691;1.7569;2.9489;94.929;119.114;14.000;0.000;0.000;0.000;0.000;0.000;0.000;0.000;3.2024;94.431;120.696;14.000;0.000;0.000;0.000;0.000;0.000;2856.000;2000.000;2.9891;94.328;118.842;16.000;4.000;1.749;0.000;1.749;0.000;0.000;1679.000;2.9910;94.636;119.166;14.000;4.000;0.061;0.000;0.054;0.007;0.000;0.000
59;1.3001;0.8637;0.5181;1.4362;1.0910;0.5604;1.1030;2.8075;59.198;82.223;11.000;0.000;0.000;0.000;0.000;0.000;0.000;0.000;2.8944;58.881;82.620;9.000;0.000;0.000;0.000;0.000;0.000;5444.000;0.000;2.8365;58.832;82.096;10.000;4.000;0.517;0.000;0.517;0.000;0.000;0.000;2.8466;58.903;82.249;10.000;4.000;0.094;0.000;0.094;0.000;0.000;0.000
60;0.5043;0.9348;1.1700;1.5213;0.7481;0.6897;0.7912;2.8460;45.618;68.959;8.000;0.000;0.000;0.000;0.000;0.000;0.000;0.000;2.9582;45.337;69.598;7.000;0.000;0.000;0.000;0.000;0.000;4153.000;0.000;2.8632;45.390;68.872;8.000;4.000;0.822;0.000;0.822;0.000;0.000;0.000;2.8730;45.445;69.008;7.000;3.000;0.060;0.000;0.060;0.000;0.000;0.000
61;0.5428;1.8188;1.6950;1.1521;0.5545;0.5615;1.8203;2.7929;92.771;115.677;16.000;0.000;0.000;0.000;0.000;0.000;0.000;0.000;2.8909;91.966;115.675;15.000;0.000;0.000;0.000;0.000;0.000;3427.000;0.000;2.8909;91.966;115.675;15.000;0.000;0.000;0.000;0.000;0.000;3427.000;0.000;2.8582;92.027;115.468;16.000;5.000;0.232;0.000;0.232;0.000;0.000;0.000
62;0.5946;0.6119;1.4855;0.7595;0.8846;0.8827;1.3196;2.9014;71.833;95.629;12.000;0.000;0.000;0.000;0.000;0.000;0.000;0.000;3.0685;71.422;96.588;12.000;0.000;0.000;0.000;0.000;0.000;6238.000;0.000;3.0685;71.422;96.588;12.000;0.000;0.000;0.000;0.000;0.000;6238.000;0.000;2.9218;71.625;95.588;11.000;4.000;0.064;0.000;0.064;0.000;0.000;0.000
63;0.9624;1.5416;0.9944;0.7479;0.6548;1.4241;0.6778;2.9665;46.329;70.658;9.000;0.000;0.000;0.000;0.000;0.000;0.000;0.000;3.1240;46.049;71.670;7.000;0.000;0.000;0.000;0.000;0.000;3078.000;100.000;3.1979;45.985;72.213;9.000;4.000;0.156;0.000;0.156;0.000;0.000;2189.000;3.0062;46.117;70.772;9.000;5.000;0.157;0.000;0.156;0.001;0.000;0.000
64;1.1630;1.1509;1.9007;0.5661;0.6667;1.2510;0.7910;3.0305;52.984;77.838;11.000;0.000;0.000;0.000;0.000;0.000;0.000;0.000;3.2121;52.397;78.740;9.000;0.000;0.000;0.000;0.000;0.000;7133.000;0.000;3.2121;52.397;78.740;9.000;0.000;0.000;0.000;0.000;0.000;7133.000;0.000;3.0517;52.800;77.828;11.000;7.000;0.307;0.000;0.307;0.000;0.000;0.000
65;0.5976;1.7300;1.3784;0.6807;0.5705;1.6075;1.1018;2.9722;66.529;90.906;12.000;0.000;0.000;0.000;0.000;0.000;0.000;0.000;3.1445;65.946;91.735;11.000;0.000;0.000;0.000;0.000;0.000;4636.000;1230.000;3.0154;66.231;90.962;11.000;4.000;0.101;0.000;0.101;0.000;0.000;476.000;3.0061;66.270;90.924;11.000;5.000;0.184;0.000;0.093;0.091;0.000;0.000
66;1.8140;1.0241;0.6886;0.6017;0.8924;1.2906;0.5030;2.9835;38.900;63.369;9.000;0.000;0.000;0.000;0.000;0.000;0.000;0.000;3.1200;38.637;64.226;9.000;0.000;0.000;0.000;0.000;0.000;2436.000;1184.000;3.1200;38.637;64.226;9.000;0.000;0.000;0.000;0.000;0.000;2436.000;1184.000;3.0300;38.753;63.603;9.000;4.000;0.236;0.000;0.158;0.078;500.000;0.000
67;0.8650;0.8752;1.2675;0.6552;1.6843;0.7847;1.5731;2.8592;82.640;106.090;14.000;0.000;0.000;0.000;0.000;0.000;0.000;0.000;2.9049;82.341;106.165;13.000;0.000;0.000;0.000;0.000;0.000;2414.000;0.000;2.9049;82.341;106.165;13.000;0.000;0.000;0.000;0.000;0.000;2414.000;0.000;2.8921;82.369;106.089;9.000;4.000;0.187;0.000;0.187;0.000;0.000;0.000
68;1.5749;1.7050;0.7158;1.6018;0.6883;0.8699;0.6397;2.8761;41.603;65.191;9.000;0.000;0.000;0.000;0.000;0.000;0.000;0.000;3.0233;41.060;65.855;7.000;0.000;0.000;0.000;0.000;0.000;7363.000;0.000;3.0233;41.060;65.855;7.000;0.000;0.000;0.000;0.000;0.000;7363.000;0.000;2.9258;41.361;65.357;8.000;5.000;0.129;0.000;0.129;0.000;0.000;0.000
69;0.9782;0.5549;1.8839;0.5091;0.9953;1.5979;0.6008;2.9525;46.325;70.540;10.000;0.000;0.000;0.000;0.000;0.000;0.000;0.000;3.0445;45.811;70.780;10.000;0.000;0.000;0.000;0.000;0.000;5950.000;348.000;3.0445;45.811;70.780;10.000;0.000;0.000;0.000;0.000;0.000;5950.000;348.000;2.9714;46.294;70.664;10.000;7.000;0.318;0.000;0.255;0.064;0.000;0.000
70;1.1441;1.0440;1.4291;1.3169;1.5692;1.5017;1.1217;2.9684;68.500;92.845;13.000;0.000;0.000;0.000;0.000;0.000;0.000;0.000;3.1597;67.877;93.791;13.000;0.000;0.000;0.000;0.000;0.000;7192.000;969.000;3.1597;67.877;93.791;13.000;0.000;0.000;0.000;0.000;0.000;7192.000;969.000;2.9844;68.388;92.865;13.000;6.000;0.203;0.000;0.100;0.103;0.000;0.000
71;0.8122;0.5803;0.6275;1.6730;0.7235;1.7268;0.7643;2.9421;50.886;75.015;8.000;0.000;0.000;0.000;0.000;0.000;0.000;0.000;3.0667;50.692;75.844;8.000;0.000;0.000;0.000;0.000;0.000;1968.000;1185.000;3.0168;50.626;75.368;9.000;4.000;1.479;0.000;1.479;0.000;0.000;1209.000;2.9655;50.826;75.147;8.000;2.000;0.069;0.000;0.032;0.037;197.000;0.000
72;0.5413;0.7474;0.8522;0.5773;0.9072;1.5114;0.8874;2.9763;54.809;79.219;9.000;0.000;0.000;0.000;0.000;0.000;0.000;0.000;3.0036;54.653;79.286;9.000;0.000;0.000;0.000;0.000;0.000;1043.000;164.000;2.9804;54.557;79.000;10.000;4.000;1.544;0.000;1.544;0.000;0.000;788.000;2.9883;54.713;79.221;9.000;3.000;0.135;0.000;0.066;0.068;78.000;0.000
73;0.9914;1.9966;0.6739;1.0628;1.9663;0.9941;1.1351;2.9172;63.122;87.047;10.000;0.000;0.000;0.000;0.000;0.000;0.000;0.000;3.0658;62.785;87.929;10.000;0.000;0.000;0.000;0.000;0.000;3288.000;0.000;2.9396;62.786;86.895;11.000;4.000;0.885;0.000;0.885;0.000;0.000;0.000;2.9505;62.887;87.085;10.000;3.000;0.089;0.000;0.089;0.000;0.000;0.000
74;1.0669;0.5866;1.3494;1.7705;1.8064;1.1277;0.8151;2.9653;51.762;76.081;10.000;0.000;0.000;0.000;0.000;0.000;0.000;0.000;3.2589;51.073;77.800;9.000;0.000;0.000;0.000;0.000;0.000;6870.000;0.000;3.2589;51.073;77.800;9.000;0.000;0.000;0.000;0.000;0.000;6870.000;0.000;3.0364;51.337;76.239;9.000;5.000;0.134;0.000;0.134;0.000;0.000;0.000
75;1.2755;1.8522;1.9403;0.7402;1.8294;1.3761;1.6744;3.0005;94.067;118.676;18.000;0.000;0.000;0.000;0.000;0.000;0.000;0.000;3.1663;92.862;118.831;16.000;0.000;0.000;0.000;0.000;0.000;3965.000;139.000;3.1663;92.862;118.831;16.000;0.000;0.000;0.000;0.000;0.000;3965.000;139.000;3.0811;93.011;118.280;16.000;8.000;0.617;0.000;0.518;0.099;0.000;0.000
76;0.6307;1.9352;1.4211;0.6298;1.0572;0.5836;1.3653;2.8102;71.867;94.915;12.000;0.000;0.000;0.000;0.000;0.000;0.000;0.000;2.9866;71.315;95.809;12.000;0.000;0.000;0.000;0.000;0.000;4818.000;0.000;2.9866;71.315;95.809;12.000;0.000;0.000;0.000;0.000;0.000;4818.000;0.000;2.8588;71.417;94.863;11.000;4.000;0.111;0.000;0.111;0.000;0.000;0.000
77;1.1410;1.1146;1.6183;1.4534;0.5678;1.4382;1.0592;2.9965;65.760;90.336;13.000;0.000;0.000;0.000;0.000;0.000;0.000;0.000;3.1359;64.984;90.703;12.000;0.000;0.000;0.000;0.000;0.000;10320.000;1216.000;3.1359;64.984;90.703;12.000;0.000;0.000;0.000;0.000;0.000;10320.000;1216.000;3.0096;65.700;90.383;13.000;7.000;0.057;0.000;0.049;0.008;0.000;0.000
78;0.6496;0.8091;1.0128;1.6445;1.6980;0.5760;0.9229;2.8048;50.779;73.783;8.000;0.000;0.000;0.000;0.000;0.000;0.000;0.000;2.8511;50.725;74.108;8.000;0.000;0.000;0.000;0.000;0.000;2760.000;0.000;2.8022;50.701;73.683;9.000;4.000;0.863;0.000;0.863;0.000;0.000;0.000;2.8110;50.771;73.825;8.000;3.000;0.089;0.000;0.089;0.000;0.000;0.000
79;1.6100;1.1525;1.6362;1.1443;0.6812;1.0040;1.0212;2.9187;62.341;86.278;13.000;0.000;0.000;0.000;0.000;0.000;0.000;0.000;3.0708;61.688;86.872;13.000;0.000;0.000;0.000;0.000;0.000;5531.000;0.000;3.0708;61.688;86.872;13.000;0.000;0.000;0.000;0.000;0.000;5531.000;0.000;2.9761;61.900;86.308;13.000;7.000;0.441;0.000;0.441;0.000;0.000;0.000
80;1.7269;0.8188;0.6925;1.4120;0.8945;0.9785;1.9361;2.9505;100.935;125.134;17.000;0.000;0.000;0.000;0.000;0.000;0.000;0.000;3.1140;99.822;125.362;16.000;0.000;0.000;0.000;0.000;0.000;6848.000;0.000;3.1140;99.822;125.362;16.000;0.000;0.000;0.000;0.000;0.000;6848.000;0.000;3.0492;99.424;124.432;11.000;5.000;0.143;0.000;0.143;0.000;0.000;0.000
81;1.2739;1.2690;1.8248;1.3497;1.8785;1.2030;1.1288;3.0009;68.223;92.835;13.000;0.000;0.000;0.000;0.000;0.000;0.000;0.000;3.0843;67.445;92.741;13.000;0.000;0.000;0.000;0.000;0.000;9434.000;0.000;3.0843;67.445;92.741;13.000;0.000;0.000;0.000;0.000;0.000;9434.000;0.000;3.0246;68.006;92.812;7.000;7.000;0.208;0.000;0.208;0.000;0.000;0.000
82;0.7415;0.6885;1.0446;0.5427;0.6314;1.3349;1.2817;3.0139;72.322;97.040;13.000;0.000;0.000;0.000;0.000;0.000;0.000;0.000;3.1697;71.673;97.669;11.000;0.000;0.000;0.000;0.000;0.000;1228.000;1885.000;3.1263;71.613;97.253;12.000;4.000;0.580;0.000;0.580;0.000;0.000;2025.000;3.0613;71.804;96.910;12.000;3.000;0.168;0.000;0.083;0.085;180.000;0.000
83;0.5200;0.6269;1.1774;0.8798;1.1313;0.5977;1.6529;2.8077;84.045;107.072;13.000;0.000;0.000;0.000;0.000;0.000;0.000;0.000;3.0002;83.014;107.620;12.000;0.000;0.000;0.000;0.000;0.000;6338.000;0.000;2.8704;83.036;106.577;13.000;4.000;0.768;0.000;0.768;0.000;0.000;0.000;2.8806;83.099;106.724;12.000;3.000;0.011;0.000;0.011;0.000;0.000;0.000
84;0.7159;0.8402;0.9322;1.1373;1.9467;0.6684;0.6262;2.8346;37.949;61.196;7.000;0.000;0.000;0.000;0.000;0.000;0.000;0.000;2.8702;37.869;61.408;6.000;0.000;0.000;0.000;0.000;0.000;1202.000;0.000;2.8380;37.819;61.095;7.000;4.000;0.906;0.000;0.906;0.000;0.000;0.000;2.8550;37.894;61.308;6.000;3.000;0.123;0.000;0.123;0.000;0.000;0.000
85;0.6116;1.4635;0.8496;1.8074;0.5483;1.0447;1.4285;2.9435;76.121;100.263;12.000;0.000;0.000;0.000;0.000;0.000;0.000;0.000;3.0944;75.830;101.208;12.000;0.000;0.000;0.000;0.000;0.000;5011.000;0.000;2.9696;75.853;100.208;9.000;4.000;1.363;0.000;1.363;0.000;0.000;0.000;2.9717;75.972;100.344;12.000;3.000;0.042;0.000;0.042;0.000;0.000;0.000
86;1.0099;0.8786;1.5401;1.0127;1.7569;0.6960;1.1462;2.8248;64.130;87.297;12.000;0.000;0.000;0.000;0.000;0.000;0.000;0.000;3.0204;63.529;88.300;12.000;0.000;0.000;0.000;0.000;0.000;7120.000;0.000;3.0204;63.529;88.300;12.000;0.000;0.000;0.000;0.000;0.000;7120.000;0.000;2.8707;63.773;87.317;12.000;5.000;0.129;0.000;0.129;0.000;0.000;0.000
87;1.2049;1.7584;0.5690;1.5278;1.2896;1.6486;1.1629;2.9430;69.330;93.466;12.000;0.000;0.000;0.000;0.000;0.000;0.000;0.000;3.0912;68.681;94.034;11.000;0.000;0.000;0.000;0.000;0.000;2074.000;1201.000;2.9899;68.700;93.222;12.000;4.000;0.647;0.000;0.647;0.000;0.000;597.000;2.9940;68.838;93.394;11.000;2.000;0.115;0.000;0.015;0.100;603.000;0.000
88;0.9379;1.5080;0.7414;0.5399;1.4141;1.5419;1.5772;2.9790;86.628;111.061;14.000;0.000;0.000;0.000;0.000;0.000;0.000;0.000;3.1038;86.159;111.614;13.000;0.000;0.000;0.000;0.000;0.000;3960.000;837.000;3.0506;86.151;111.170;14.000;4.000;0.897;0.000;0.897;0.000;0.000;1764.000;3.0058;86.353;111.005;13.000;4.000;0.090;0.000;0.070;0.020;0.000;0.000
89;0.9300;1.3807;1.3447;0.7459;1.4450;1.9031;0.8146;2.9325;56.493;80.543;11.000;0.000;0.000;0.000;0.000;0.000;0.000;0.000;3.2146;55.621;81.986;5.000;0.000;0.000;0.000;0.000;0.000;5035.000;939.000;3.2146;55.621;81.986;5.000;0.000;0.000;0.000;0.000;0.000;5035.000;939.000;3.0067;56.025;80.685;10.000;6.000;0.185;0.000;0.165;0.021;0.000;0.000
90;0.7305;1.1233;1.6884;1.1620;1.9187;1.7965;1.3393;2.9297;79.878;103.906;14.000;0.000;0.000;0.000;0.000;0.000;0.000;0.000;3.1468;78.876;104.685;13.000;0.000;0.000;0.000;0.000;0.000;8537.000;1521.000;3.1468;78.876;104.685;13.000;0.000;0.000;0.000;0.000;0.000;8537.000;1521.000;2.9852;79.512;103.995;12.000;6.000;0.177;0.000;0.120;0.056;0.000;0.000
91;1.3322;0.6400;0.8022;1.5372;0.8711;0.6859;0.5457;2.7898;35.959;58.839;7.000;0.000;0.000;0.000;0.000;0.000;0.000;0.000;2.8436;35.832;59.154;7.000;0.000;0.000;0.000;0.000;0.000;2147.000;0.000;2.8436;35.832;59.154;7.000;0.000;0.000;0.000;0.000;0.000;2147.000;0.000;2.8125;35.895;58.961;7.000;4.000;0.199;0.000;0.199;0.000;0.000;0.000
92;0.6812;1.1128;1.8003;0.8604;1.4939;0.5977;1.5643;2.8341;81.916;105.160;15.000;0.000;0.000;0.000;0.000;0.000;0.000;0.000;2.9070;81.762;105.604;13.000;0.000;0.000;0.000;0.000;0.000;2485.000;0.000;2.9070;81.762;105.604;13.000;0.000;0.000;0.000;0.000;0.000;2485.000;0.000;2.8365;81.802;105.065;14.000;5.000;0.282;0.000;0.282;0.000;0.000;0.000
93;1.8088;1.0036;0.9392;1.7608;0.6857;1.7916;1.7839;2.9575;100.733;124.988;18.000;0.000;0.000;0.000;0.000;0.000;0.000;0.000;3.1580;99.733;125.634;17.000;0.000;0.000;0.000;0.000;0.000;8448.000;416.000;3.1580;99.733;125.634;17.000;0.000;0.000;0.000;0.000;0.000;8448.000;416.000;2.9877;100.205;124.708;18.000;7.000;0.230;0.000;0.101;0.129;0.000;0.000
94;1.8857;1.7198;1.0363;1.2866;1.0468;0.7597;1.9742;2.8883;102.572;126.260;18.000;0.000;0.000;0.000;0.000;0.000;0.000;0.000;3.2338;102.000;128.522;12.000;0.000;0.000;0.000;0.000;0.000;11576.000;0.000;3.2338;102.000;128.522;12.000;0.000;0.000;0.000;0.000;0.000;11576.000;0.000;2.9048;102.339;126.163;18.000;6.000;0.093;0.000;0.093;0.000;0.000;0.000
95;0.5176;0.7086;1.8116;1.8720;0.7359;1.9994;1.5425;2.9527;90.046;114.262;15.000;0.000;0.000;0.000;0.000;0.000;0.000;0.000;3.1393;88.629;114.375;14.000;0.000;0.000;0.000;0.000;0.000;10126.000;233.000;3.1393;88.629;114.375;14.000;0.000;0.000;0.000;0.000;0.000;10126.000;233.000;3.0332;89.178;114.054;15.000;4.000;0.016;0.000;0.016;0.000;141.000;72.000
96;1.4679;1.1047;0.8637;0.5064;0.8300;0.8406;0.5598;2.8601;38.071;61.528;8.000;0.000;0.000;0.000;0.000;0.000;0.000;0.000;2.8766;37.956;61.548;8.000;0.000;0.000;0.000;0.000;0.000;2218.000;0.000;2.8766;37.956;61.548;8.000;0.000;0.000;0.000;0.000;0.000;2218.000;0.000;2.8632;38.050;61.532;8.000;1.000;0.009;0.000;0.009;0.000;230.000;0.000
97;0.5621;0.7203;0.9922;1.4623;1.1311;1.0584;1.5086;2.9391;80.113;104.218;12.000;0.000;0.000;0.000;0.000;0.000;0.000;0.000;3.0820;79.264;104.541;12.000;0.000;0.000;0.000;0.000;0.000;3360.000;0.000;3.0238;79.255;104.055;9.000;4.000;1.132;0.000;1.132;0.000;0.000;0.000;3.0319;79.330;104.195;12.000;3.000;0.070;0.000;0.070;0.000;0.000;0.000
98;1.6200;0.9200;1.1602;1.7932;0.5585;1.1630;1.4672;2.9921;82.338;106.878;15.000;0.000;0.000;0.000;0.000;0.000;0.000;0.000;3.1332;81.587;107.284;15.000;0.000;0.000;0.000;0.000;0.000;4636.000;0.000;3.1332;81.587;107.284;15.000;0.000;0.000;0.000;0.000;0.000;4636.000;0.000;3.0470;81.815;106.805;15.000;2.000;0.015;0.000;0.015;0.000;664.000;0.000
99;0.9042;1.4141;1.6022;1.4426;1.0523;1.3648;1.3367;2.9826;77.154;101.616;14.000;0.000;0.000;0.000;0.000;0.000;0.000;0.000;3.1352;76.583;102.297;12.000;0.000;0.000;0.000;0.000;0.000;3919.000;1073.000;3.1352;76.583;102.297;12.000;0.000;0.000;0.000;0.000;0.000;3919.000;1073.000;3.0386;76.812;101.733;14.000;6.000;0.273;0.000;0.243;0.030;0.000;0.000
100;0.8507;0.5150;1.8653;0.9562;0.7563;0.7076;0.8699;2.8269;52.236;75.421;11.000;0.000;0.000;0.000;0.000;0.000;0.000;0.000;3.0219;51.893;76.677;10.000;0.000;0.000;0.000;0.000;0.000;7760.000;0.000;3.0219;51.893;76.677;10.000;0.000;0.000;0.000;0.000;0.000;7760.000;0.000;2.8315;52.193;75.416;11.000;6.000;0.140;0.000;0.140;0.000;0.000;0.000
101;1.1140;1.0249;0.8493;0.5569;1.9474;0.5110;1.7895;2.7713;90.343;113.071;15.000;0.000;0.000;0.000;0.000;0.000;0.000;0.000;2.8739;89.730;113.300;15.000;0.000;0.000;0.000;0.000;0.000;4224.000;0.000;2.8277;89.761;112.953;15.000;4.000;0.127;0.000;0.127;0.000;0.000;0.000;2.8277;89.761;112.953;15.000;4.000;0.127;0.000;0.127;0.000;0.000;0.000
102;0.5225;1.0076;1.4855;1.2545;1.3301;0.5724;1.6565;2.8090;84.850;107.888;14.000;0.000;0.000;0.000;0.000;0.000;0.000;0.000;2.8753;83.900;107.481;13.000;0.000;0.000;0.000;0.000;0.000;187.000;0.000;2.8753;83.900;107.481;13.000;0.000;0.000;0.000;0.000;0.000;187.000;0.000;2.8753;83.900;107.481;13.000;0.000;0.000;0.000;0.000;0.000;187.000;0.000
103;1.2308;1.8449;1.9869;1.4233;1.5266;1.8948;1.3553;2.9392;83.364;107.470;16.000;0.000;0.000;0.000;0.000;0.000;0.000;0.000;3.1365;82.500;108.223;16.000;0.000;0.000;0.000;0.000;0.000;5664.000;1059.000;3.1365;82.500;108.223;16.000;0.000;0.000;0.000;0.000;0.000;5664.000;1059.000;2.9913;82.912;107.445;16.000;8.000;0.608;0.000;0.500;0.109;0.000;0.000
104;1.1675;1.0381;1.0322;1.2141;1.1887;0.5010;0.6149;2.7902;37.867;60.751;7.000;0.000;0.000;0.000;0.000;0.000;0.000;0.000;2.9196;37.572;61.517;7.000;0.000;0.000;0.000;0.000;0.000;7880.000;0.000;2.9196;37.572;61.517;7.000;0.000;0.000;0.000;0.000;0.000;7880.000;0.000;2.7974;37.851;60.793;7.000;4.000;0.038;0.000;0.038;0.000;0.000;0.000
105;0.8910;0.7449;1.2737;1.9743;0.7228;1.5384;0.8367;2.9356;55.049;79.125;10.000;0.000;0.000;0.000;0.000;0.000;0.000;0.000;3.0549;54.506;79.560;10.000;0.000;0.000;0.000;0.000;0.000;5295.000;1234.000;3.0549;54.506;79.560;10.000;0.000;0.000;0.000;0.000;0.000;5295.000;1234.000;2.9724;54.891;79.269;10.000;5.000;0.142;0.000;0.134;0.009;0.000;0.000
106;1.3638;0.5655;1.1874;1.0289;1.5781;0.5893;1.0306;2.7924;58.240;81.142;11.000;0.000;0.000;0.000;0.000;0.000;0.000;0.000;2.9808;57.554;82.001;11.000;0.000;0.000;0.000;0.000;0.000;6834.000;0.000;2.9808;57.554;82.001;11.000;0.000;0.000;0.000;0.000;0.000;6834.000;0.000;2.8641;57.790;81.279;11.000;5.000;0.139;0.000;0.139;0.000;0.000;0.000
107;1.6549;1.3099;0.6248;1.6321;0.6887;0.5538;0.5624;2.7736;36.222;58.969;8.000;0.000;0.000;0.000;0.000;0.000;0.000;0.000;2.8476;35.961;59.316;7.000;0.000;0.000;0.000;0.000;0.000;6473.000;0.000;2.8476;35.961;59.316;7.000;0.000;0.000;0.000;0.000;0.000;6473.000;0.000;2.7788;36.161;58.951;8.000;5.000;0.156;0.000;0.156;0.000;0.000;0.000
108;1.4830;1.6029;1.6950;1.4228;1.7267;1.8090;1.0529;2.9465;69.075;93.240;14.000;0.000;0.000;0.000;0.000;0.000;0.000;0.000;3.1532;68.627;94.488;13.000;0.000;0.000;0.000;0.000;0.000;5098.000;855.000;3.1532;68.627;94.488;13.000;0.000;0.000;0.000;0.000;0.000;5098.000;855.000;2.9451;68.960;93.114;14.000;5.000;0.366;0.000;0.253;0.113;586.000;0.000
109;1.2012;1.8750;1.0199;0.6981;1.8369;0.5364;1.1225;2.7750;61.126;83.885;12.000;0.000;0.000;0.000;0.000;0.000;0.000;0.000;2.8144;60.934;84.016;11.000;0.000;0.000;0.000;0.000;0.000;1723.000;0.000;2.8144;60.934;84.016;11.000;0.000;0.000;0.000;0.000;0.000;1723.000;0.000;2.8104;60.956;84.005;12.000;1.000;0.055;0.000;0.055;0.000;1442.000;0.000
110;1.8137;1.4032;1.1575;0.9814;0.7296;1.0918;1.3920;2.9580;78.662;102.922;14.000;0.000;0.000;0.000;0.000;0.000;0.000;0.000;3.0572;78.109;103.182;13.000;0.000;0.000;0.000;0.000;0.000;1250.000;0.000;3.0572;78.109;103.182;13.000;0.000;0.000;0.000;0.000;0.000;1250.000;0.000;3.0438;78.126;103.090;14.000;2.000;0.081;0.000;0.081;0.000;966.000;0.000
111;1.0886;1.4467;1.9109;1.2132;1.3340;1.6229;1.0765;2.9702;68.309;92.669;13.000;0.000;0.000;0.000;0.000;0.000;0.000;0.000;3.1754;67.832;93.875;8.000;0.000;0.000;0.000;0.000;0.000;3946.000;1652.000;3.1754;67.832;93.875;8.000;0.000;0.000;0.000;0.000;0.000;3946.000;1652.000;2.9803;68.189;92.632;14.000;8.000;0.516;0.000;0.473;0.044;0.000;0.000
112;0.7457;1.5021;1.5688;1.9450;0.5149;1.0098;0.5443;2.8952;38.572;62.317;8.000;0.000;0.000;0.000;0.000;0.000;0.000;0.000;2.9882;37.935;62.443;7.000;0.000;0.000;0.000;0.000;0.000;9597.000;0.000;2.9882;37.935;62.443;7.000;0.000;0.000;0.000;0.000;0.000;9597.000;0.000;2.9125;38.521;62.408;8.000;5.000;0.047;0.000;0.047;0.000;0.000;0.000
113;0.9949;0.9692;0.6781;1.9977;1.4002;0.8539;1.5050;2.8778;78.877;102.479;12.000;0.000;0.000;0.000;0.000;0.000;0.000;0.000;3.0444;78.045;103.014;12.000;0.000;0.000;0.000;0.000;0.000;3529.000;0.000;2.9528;78.009;102.227;9.000;4.000;0.872;0.000;0.872;0.000;0.000;0.000;2.9555;78.117;102.356;12.000;3.000;0.075;0.000;0.075;0.000;0.000;0.000
114;0.7040;0.7418;1.4669;1.3107;1.4841;0.8578;0.6460;2.8894;41.548;65.246;8.000;0.000;0.000;0.000;0.000;0.000;0.000;0.000;3.0300;41.055;65.905;7.000;0.000;0.000;0.000;0.000;0.000;5508.000;0.000;3.0300;41.055;65.905;7.000;0.000;0.000;0.000;0.000;0.000;5508.000;0.000;2.9322;41.269;65.317;7.000;4.000;0.100;0.000;0.100;0.000;0.000;0.000
115;0.9132;1.3961;1.6163;1.7465;1.9798;0.7719;1.5978;2.8516;84.806;108.193;15.000;0.000;0.000;0.000;0.000;0.000;0.000;0.000;3.0738;84.118;109.327;13.000;0.000;0.000;0.000;0.000;0.000;6036.000;0.000;3.0738;84.118;109.327;13.000;0.000;0.000;0.000;0.000;0.000;6036.000;0.000;2.9030;84.299;108.107;14.000;5.000;0.172;0.000;0.172;0.000;0.000;0.000
116;1.9959;0.7367;0.5035;0.6092;1.4695;1.5239;0.7167;2.9501;50.138;74.333;10.000;0.000;0.000;0.000;0.000;0.000;0.000;0.000;3.0429;49.850;74.805;10.000;0.000;0.000;0.000;0.000;0.000;2468.000;1461.000;3.0429;49.850;74.805;10.000;0.000;0.000;0.000;0.000;0.000;2468.000;1461.000;2.9658;50.084;74.408;10.000;5.000;0.286;0.000;0.180;0.106;6.000;0.000
117;1.8409;0.6940;1.3728;0.6457;1.4285;0.5365;1.1331;2.7871;64.247;87.105;14.000;0.000;0.000;0.000;0.000;0.000;0.000;0.000;2.9825;63.906;88.367;7.000;0.000;0.000;0.000;0.000;0.000;3493.000;0.000;2.9825;63.906;88.367;7.000;0.000;0.000;0.000;0.000;0.000;3493.000;0.000;2.8047;63.965;86.968;14.000;7.000;0.522;0.000;0.522;0.000;0.000;0.000
118;0.8111;1.2468;1.7095;0.7815;1.8688;0.9355;0.8704;2.8916;53.167;76.882;10.000;0.000;0.000;0.000;0.000;0.000;0.000;0.000;3.1310;52.898;78.577;5.000;0.000;0.000;0.000;0.000;0.000;5314.000;0.000;3.1310;52.898;78.577;5.000;0.000;0.000;0.000;0.000;0.000;5314.000;0.000;2.8966;53.146;76.903;10.000;5.000;0.195;0.000;0.195;0.000;0.000;0.000
119;0.6639;0.5401;0.5442;1.6248;0.5051;1.2282;1.1641;3.0080;65.055;89.725;10.000;0.000;0.000;0.000;0.000;0.000;0.000;0.000;3.0659;64.556;89.701;9.000;0.000;0.000;0.000;0.000;0.000;1201.000;0.000;3.0422;64.408;89.359;11.000;4.000;2.015;0.000;2.015;0.000;0.000;0.000;3.0621;64.566;89.679;10.000;3.000;0.134;0.000;0.055;0.079;0.000;0.000
120;1.1286;0.9459;0.5463;0.6529;1.3096;1.7195;0.9756;2.9783;60.836;85.263;10.000;0.000;0.000;0.000;0.000;0.000;0.000;0.000;3.0169;60.622;85.365;9.000;0.000;0.000;0.000;0.000;0.000;2569.000;353.000;3.0396;60.408;85.337;10.000;4.000;0.940;0.000;0.940;0.000;0.000;2009.000;2.9686;60.648;84.995;10.000;4.000;0.216;0.000;0.094;0.122;0.000;0.000
121;0.8591;1.5876;0.5286;1.1464;1.9218;0.9076;0.7598;2.8888;44.848;68.541;7.000;0.000;0.000;0.000;0.000;0.000;0.000;0.000;2.9263;44.700;68.700;7.000;0.000;0.000;0.000;0.000;0.000;3015.000;0.000;2.8931;44.642;68.370;8.000;4.000;1.579;0.000;1.579;0.000;0.000;0.000;2.9093;44.784;68.644;6.000;1.000;0.034;0.000;0.034;0.000;503.000;0.000
122;0.8379;1.1089;1.6976;1.3741;0.8038;0.8498;1.2059;2.8723;67.702;91.259;12.000;0.000;0.000;0.000;0.000;0.000;0.000;0.000;3.0119;67.444;92.146;12.000;0.000;0.000;0.000;0.000;0.000;6280.000;0.000;3.0119;67.444;92.146;12.000;0.000;0.000;0.000;0.000;0.000;6280.000;0.000;2.8916;67.667;91.382;12.000;5.000;0.160;0.000;0.160;0.000;0.000;0.000
123;1.1943;0.5855;1.1125;1.4084;0.5964;1.4659;0.6144;2.9744;44.639;69.034;9.000;0.000;0.000;0.000;0.000;0.000;0.000;0.000;3.1362;44.083;69.805;8.000;0.000;0.000;0.000;0.000;0.000;6769.000;1223.000;3.1362;44.083;69.805;8.000;0.000;0.000;0.000;0.000;0.000;6769.000;1223.000;2.9773;44.608;69.026;9.000;6.000;0.165;0.000;0.098;0.066;0.000;0.000
124;0.5637;1.0825;1.4763;1.1751;1.1595;0.5682;1.1158;2.8070;60.495;83.517;11.000;0.000;0.000;0.000;0.000;0.000;0.000;0.000;2.8780;60.365;83.969;11.000;0.000;0.000;0.000;0.000;0.000;3259.000;0.000;2.8780;60.365;83.969;11.000;0.000;0.000;0.000;0.000;0.000;3259.000;0.000;2.8079;60.436;83.465;9.000;4.000;0.148;0.000;0.148;0.000;0.000;0.000
125;1.0208;0.5100;1.4458;0.6780;0.9507;0.9422;1.2839;2.9096;71.569;95.431;13.000;0.000;0.000;0.000;0.000;0.000;0.000;0.000;3.0662;70.974;96.121;11.000;0.000;0.000;0.000;0.000;0.000;2524.000;0.000;3.0662;70.974;96.121;11.000;0.000;0.000;0.000;0.000;0.000;2524.000;0.000;2.9702;71.040;95.400;12.000;1.000;0.006;0.000;0.006;0.000;468.000;0.000
126;1.6521;1.4743;0.6709;0.6866;0.9056;0.8298;1.3544;2.8667;73.653;97.164;13.000;0.000;0.000;0.000;0.000;0.000;0.000;0.000;3.0569;72.879;97.950;11.000;0.000;0.000;0.000;0.000;0.000;10389.000;0.000;3.0569;72.879;97.950;11.000;0.000;0.000;0.000;0.000;0.000;10389.000;0.000;2.9257;73.237;97.232;13.000;5.000;0.041;0.000;0.041;0.000;0.000;0.000
127;1.0686;0.9336;1.1557;0.8479;1.6429;1.4095;1.5074;2.9873;84.218;108.718;15.000;0.000;0.000;0.000;0.000;0.000;0.000;0.000;3.1682;83.167;109.151;14.000;0.000;0.000;0.000;0.000;0.000;2649.000;2053.000;3.1682;83.167;109.151;14.000;0.000;0.000;0.000;0.000;0.000;2649.000;2053.000;3.0790;83.427;108.679;14.000;2.000;0.011;0.000;0.005;0.006;653.000;0.000
128;1.9762;1.2961;1.2347;1.4465;1.2020;1.8792;0.8786;2.9263;61.829;85.828;13.000;0.000;0.000;0.000;0.000;0.000;0.000;0.000;3.0705;61.392;86.575;13.000;0.000;0.000;0.000;0.000;0.000;4561.000;748.000;3.0705;61.392;86.575;13.000;0.000;0.000;0.000;0.000;0.000;4561.000;748.000;2.9401;61.696;85.809;13.000;6.000;0.404;0.000;0.370;0.034;294.000;0.000
129;0.8343;0.5631;1.8477;0.5601;1.7659;0.8175;1.9763;2.8981;102.465;126.233;18.000;0.000;0.000;0.000;0.000;0.000;0.000;0.000;2.9678;102.080;126.420;17.000;0.000;0.000;0.000;0.000;0.000;5474.000;0.000;2.9678;102.080;126.420;17.000;0.000;0.000;0.000;0.000;0.000;5474.000;0.000;2.9236;102.159;126.137;12.000;6.000;0.234;0.000;0.234;0.000;0.000;0.000
130;0.5999;0.6992;1.4960;0.8576;0.9214;0.6607;0.6210;2.8422;38.847;62.157;7.000;0.000;0.000;0.000;0.000;0.000;0.000;0.000;3.0331;38.534;63.410;7.000;0.000;0.000;0.000;0.000;0.000;7844.000;0.000;3.0331;38.534;63.410;7.000;0.000;0.000;0.000;0.000;0.000;7844.000;0.000;2.8512;38.824;62.208;7.000;4.000;0.022;0.000;0.022;0.000;0.000;0.000
131;1.6441;1.1357;1.4870;0.8311;0.9817;1.7797;1.7538;2.9366;100.176;124.260;19.000;0.000;0.000;0.000;0.000;0.000;0.000;0.000;3.1599;99.207;125.122;16.000;0.000;0.000;0.000;0.000;0.000;8974.000;2157.000;3.1599;99.207;125.122;16.000;0.000;0.000;0.000;0.000;0.000;8974.000;2157.000;2.9775;99.906;124.326;18.000;8.000;0.184;0.000;0.128;0.056;0.000;0.000
132;1.1417;1.2859;0.5546;0.8056;1.0978;0.9227;0.7657;2.9029;46.001;69.809;7.000;0.000;0.000;0.000;0.000;0.000;0.000;0.000;3.0121;45.739;70.442;7.000;0.000;0.000;0.000;0.000;0.000;5858.000;0.000;2.9153;45.830;69.739;8.000;4.000;0.825;0.000;0.825;0.000;0.000;0.000;2.9215;45.955;69.915;7.000;3.000;0.025;0.000;0.025;0.000;0.000;0.000
133;1.3247;0.6932;1.7656;0.6663;1.3527;0.9922;1.3813;2.9313;77.883;101.924;14.000;0.000;0.000;0.000;0.000;0.000;0.000;0.000;3.1353;77.004;102.718;13.000;0.000;0.000;0.000;0.000;0.000;8670.000;0.000;3.1353;77.004;102.718;13.000;0.000;0.000;0.000;0.000;0.000;8670.000;0.000;2.9866;77.367;101.861;14.000;7.000;0.227;0.000;0.227;0.000;0.000;0.000
134;0.8773;0.8165;1.2216;1.9005;1.2987;0.5113;0.5219;2.7467;33.671;56.198;7.000;0.000;0.000;0.000;0.000;0.000;0.000;0.000;2.9299;33.346;57.375;7.000;0.000;0.000;0.000;0.000;0.000;8087.000;0.000;2.9299;33.346;57.375;7.000;0.000;0.000;0.000;0.000;0.000;8087.000;0.000;2.7590;33.643;56.270;7.000;4.000;0.017;0.000;0.017;0.000;0.000;0.000
135;0.6720;0.8159;0.6237;1.8751;0.7227;0.9443;0.6077;2.8999;38.030;61.814;5.000;0.000;0.000;0.000;0.000;0.000;0.000;0.000;2.9902;37.885;62.410;5.000;0.000;0.000;0.000;0.000;0.000;3736.000;0.000;2.8953;37.843;61.589;7.000;4.000;1.788;0.000;1.788;0.000;0.000;0.000;2.9050;38.016;61.841;5.000;2.000;0.014;0.000;0.014;0.000;0.000;0.000
136;0.7632;1.0656;0.8932;0.5656;1.4100;1.9174;0.6931;2.9287;49.517;73.537;8.000;0.000;0.000;0.000;0.000;0.000;0.000;0.000;3.0482;49.160;74.159;7.000;0.000;0.000;0.000;0.000;0.000;2216.000;1728.000;2.9412;49.313;73.435;9.000;4.000;0.901;0.000;0.901;0.000;0.000;47.000;2.9570;49.377;73.629;8.000;3.000;0.202;0.000;0.073;0.129;280.000;0.000
137;0.6798;1.4245;0.9385;0.5288;0.5345;1.9490;1.3629;2.9486;79.648;103.830;12.000;0.000;0.000;0.000;0.000;0.000;0.000;0.000;3.0717;78.783;103.976;12.000;0.000;0.000;0.000;0.000;0.000;4412.000;2068.000;3.0010;79.113;103.725;13.000;4.000;0.985;0.000;0.985;0.000;0.000;38.000;2.9949;79.200;103.763;12.000;4.000;0.182;0.000;0.065;0.118;0.000;0.000
138;1.0215;0.6226;1.7662;0.8411;0.7880;1.4950;1.5544;2.9886;88.177;112.688;16.000;0.000;0.000;0.000;0.000;0.000;0.000;0.000;3.1204;87.478;113.071;16.000;0.000;0.000;0.000;0.000;0.000;4541.000;876.000;3.1204;87.478;113.071;16.000;0.000;0.000;0.000;0.000;0.000;4541.000;876.000;3.0564;87.673;112.740;16.000;4.000;0.213;0.000;0.213;0.000;131.000;23.000
139;0.5135;1.0721;0.8134;1.9193;0.7733;0.7586;1.2455;2.8624;65.500;88.976;11.000;0.000;0.000;0.000;0.000;0.000;0.000;0.000;2.9655;65.330;89.652;9.000;0.000;0.000;0.000;0.000;0.000;3119.000;0.000;2.8675;65.273;88.790;11.000;4.000;1.679;0.000;1.679;0.000;0.000;0.000;2.8879;65.402;89.087;10.000;3.000;0.046;0.000;0.046;0.000;0.000;0.000
140;1.7502;1.2176;1.0865;0.5911;0.7141;1.5133;0.6038;2.9594;45.778;70.049;10.000;0.000;0.000;0.000;0.000;0.000;0.000;0.000;3.0710;45.285;70.471;10.000;0.000;0.000;0.000;0.000;0.000;5003.000;1595.000;3.0710;45.285;70.471;10.000;0.000;0.000;0.000;0.000;0.000;5003.000;1595.000;2.9673;45.737;70.073;10.000;7.000;0.423;0.000;0.354;0.069;0.000;0.000
141;1.8410;1.8592;1.2126;0.7602;1.8003;1.5107;1.3889;2.9774;81.604;106.023;15.000;0.000;0.000;0.000;0.000;0.000;0.000;0.000;3.1624;80.716;106.653;14.000;0.000;0.000;0.000;0.000;0.000;5589.000;775.000;3.1624;80.716;106.653;14.000;0.000;0.000;0.000;0.000;0.000;5589.000;775.000;3.0411;81.071;106.012;14.000;8.000;0.406;0.000;0.358;0.049;0.000;0.000
142;0.6085;1.1655;1.5526;0.6895;0.7155;0.9298;1.5231;2.9207;81.425;105.379;13.000;0.000;0.000;0.000;0.000;0.000;0.000;0.000;3.1195;80.495;106.079;13.000;0.000;0.000;0.000;0.000;0.000;4977.000;0.000;3.1195;80.495;106.079;13.000;0.000;0.000;0.000;0.000;0.000;4977.000;0.000;2.9956;80.622;105.190;13.000;4.000;0.119;0.000;0.119;0.000;0.000;0.000
143;0.5716;1.3236;1.1121;1.3367;0.6192;1.9058;0.6203;2.9601;46.133;70.410;7.000;0.000;0.000;0.000;0.000;0.000;0.000;0.000;3.0239;45.765;70.565;7.000;0.000;0.000;0.000;0.000;0.000;4176.000;841.000;2.9934;45.967;70.517;8.000;4.000;0.832;0.000;0.832;0.000;0.000;1051.000;2.9767;46.099;70.513;4.000;4.000;0.117;0.000;0.052;0.064;0.000;0.000
144;1.5678;0.5064;1.3557;0.7628;0.8449;1.6927;0.8627;2.9370;59.038;83.125;12.000;0.000;0.000;0.000;0.000;0.000;0.000;0.000;3.1468;57.957;83.765;12.000;0.000;0.000;0.000;0.000;0.000;10652.000;1868.000;3.1468;57.957;83.765;12.000;0.000;0.000;0.000;0.000;0.000;10652.000;1868.000;2.9966;58.691;83.268;11.000;6.000;0.119;0.000;0.119;0.000;0.000;117.000
145;1.0482;1.1750;0.5081;1.3039;1.8630;0.8726;1.6074;2.8863;83.248;106.920;13.000;0.000;0.000;0.000;0.000;0.000;0.000;0.000;3.0340;82.625;107.508;12.000;0.000;0.000;0.000;0.000;0.000;3549.000;0.000;2.9187;82.535;106.472;13.000;4.000;1.177;0.000;1.177;0.000;0.000;0.000;2.9358;82.655;106.733;12.000;3.000;0.075;0.000;0.075;0.000;0.000;0.000
146;0.6871;1.0659;0.7024;0.6669;1.2088;0.5202;1.9719;2.8199;96.948;120.075;15.000;0.000;0.000;0.000;0.000;0.000;0.000;0.000;2.8745;96.720;120.295;12.000;0.000;0.000;0.000;0.000;0.000;1377.000;0.000;2.8112;96.564;119.620;15.000;4.000;1.547;0.000;1.547;0.000;0.000;0.000;2.8343;96.711;119.956;15.000;3.000;0.104;0.000;0.104;0.000;0.000;0.000
147;1.3216;0.7260;1.1558;0.5396;1.2567;1.6096;1.5322;2.9758;87.193;111.598;15.000;0.000;0.000;0.000;0.000;0.000;0.000;0.000;3.1860;86.031;112.161;15.000;0.000;0.000;0.000;0.000;0.000;3270.000;1999.000;3.1860;86.031;112.161;15.000;0.000;0.000;0.000;0.000;0.000;3270.000;1999.000;3.0553;86.339;111.397;15.000;5.000;0.204;0.000;0.204;0.000;0.000;68.000
148;0.5979;0.6138;1.2452;0.7423;1.8144;1.1034;1.0919;2.9881;62.209;86.716;11.000;0.000;0.000;0.000;0.000;0.000;0.000;0.000;3.0614;61.947;87.054;10.000;0.000;0.000;0.000;0.000;0.000;3851.000;0.000;3.0016;62.063;86.680;10.000;4.000;0.425;0.000;0.425;0.000;0.000;0.000;3.0065;62.094;86.751;10.000;2.000;0.016;0.000;0.016;0.000;23.000;0.000
149;1.4329;1.7000;0.9486;1.0896;0.5568;1.8011;1.7277;2.9627;97.054;121.352;17.000;0.000;0.000;0.000;0.000;0.000;0.000;0.000;3.1550;96.245;122.121;13.000;0.000;0.000;0.000;0.000;0.000;5267.000;1515.000;3.1550;96.245;122.121;13.000;0.000;0.000;0.000;0.000;0.000;5267.000;1515.000;3.0086;96.332;121.007;16.000;6.000;0.291;0.000;0.242;0.049;0.000;0.000
150;0.5395;0.8139;1.7241;1.1276;0.7788;0.8159;1.2565;2.8661;68.942;92.448;13.000;0.000;0.000;0.000;0.000;0.000;0.000;0.000;2.9384;68.521;92.620;11.000;0.000;0.000;0.000;0.000;0.000;5038.000;0.000;2.9384;68.521;92.620;11.000;0.000;0.000;0.000;0.000;0.000;5038.000;0.000;2.9100;68.681;92.548;12.000;5.000;0.177;0.000;0.177;0.000;0.000;0.000
151;1.3000;0.6138;0.9292;1.5905;1.5881;1.3174;1.5335;2.9954;84.834;109.401;15.000;0.000;0.000;0.000;0.000;0.000;0.000;0.000;3.2147;83.733;110.098;14.000;0.000;0.000;0.000;0.000;0.000;2744.000;2030.000;3.2147;83.733;110.098;14.000;0.000;0.000;0.000;0.000;0.000;2744.000;2030.000;3.0685;83.968;109.134;15.000;5.000;0.200;0.000;0.129;0.071;205.000;0.000
152;1.2954;1.5941;0.8186;0.5518;0.5705;1.1385;0.5088;2.9403;37.129;61.243;7.000;0.000;0.000;0.000;0.000;0.000;0.000;0.000;2.9903;36.949;61.473;7.000;0.000;0.000;0.000;0.000;0.000;2772.000;0.000;2.9903;36.949;61.473;7.000;0.000;0.000;0.000;0.000;0.000;2772.000;0.000;2.9732;37.069;61.453;7.000;1.000;0.005;0.000;0.005;0.000;753.000;0.000
153;1.6044;0.6505;1.5515;0.8187;0.5796;0.8348;0.5063;2.8511;37.807;61.190;10.000;0.000;0.000;0.000;0.000;0.000;0.000;0.000;3.1868;37.062;63.199;9.000;0.000;0.000;0.000;0.000;0.000;12609.000;0.000;3.1868;37.062;63.199;9.000;0.000;0.000;0.000;0.000;0.000;12609.000;0.000;2.8616;37.768;61.236;10.000;7.000;0.043;0.000;0.043;0.000;0.000;0.000
154;0.6605;0.6124;1.9336;0.9115;1.0701;0.5404;0.5427;2.7527;36.158;58.735;8.000;0.000;0.000;0.000;0.000;0.000;0.000;0.000;2.9733;35.667;60.052;8.000;0.000;0.000;0.000;0.000;0.000;10364.000;0.000;2.9733;35.667;60.052;8.000;0.000;0.000;0.000;0.000;0.000;10364.000;0.000;2.7699;36.115;58.832;8.000;5.000;0.019;0.000;0.019;0.000;0.000;0.000
155;1.1510;0.7987;0.7545;0.6270;1.4305;1.8457;0.8338;2.9232;56.005;79.979;10.000;0.000;0.000;0.000;0.000;0.000;0.000;0.000;3.0613;55.301;80.407;10.000;0.000;0.000;0.000;0.000;0.000;6335.000;1918.000;3.0534;55.727;80.769;10.000;4.000;0.343;0.000;0.343;0.000;0.000;1599.000;2.9502;55.862;80.057;10.000;5.000;0.117;0.000;0.082;0.036;0.000;0.000
156;0.8423;0.7497;0.6373;0.7732;1.5619;0.5613;1.5577;2.8178;78.639;101.749;13.000;0.000;0.000;0.000;0.000;0.000;0.000;0.000;2.8630;78.538;102.019;10.000;0.000;0.000;0.000;0.000;0.000;607.000;0.000;2.8067;78.415;101.434;13.000;4.000;1.345;0.000;1.345;0.000;0.000;0.000;2.8548;78.529;101.943;11.000;1.000;0.039;0.000;0.039;0.000;333.000;0.000
157;0.5396;1.0537;1.4470;0.8003;1.6847;1.4387;1.2160;2.9680;70.643;94.985;12.000;0.000;0.000;0.000;0.000;0.000;0.000;0.000;3.3249;70.167;97.436;11.000;0.000;0.000;0.000;0.000;0.000;6512.000;1997.000;3.0329;70.475;95.349;12.000;4.000;0.072;0.000;0.072;0.000;0.000;1938.000;2.9917;70.585;95.121;11.000;5.000;0.088;0.000;0.072;0.016;0.000;0.000
158;0.8232;0.6039;1.1411;0.6636;1.6917;1.6916;0.9931;2.9453;62.300;86.455;11.000;0.000;0.000;0.000;0.000;0.000;0.000;0.000;3.2436;61.769;88.371;11.000;0.000;0.000;0.000;0.000;0.000;3850.000;2019.000;3.0662;61.955;87.102;11.000;4.000;0.181;0.000;0.181;0.000;0.000;1940.000;2.9704;62.102;86.464;11.000;5.000;0.157;0.000;0.139;0.018;0.000;0.000
159;1.3012;1.3698;0.8045;0.6186;0.9059;1.0047;1.3072;2.9527;72.022;96.238;12.000;0.000;0.000;0.000;0.000;0.000;0.000;0.000;3.0596;71.708;96.801;12.000;0.000;0.000;0.000;0.000;0.000;6479.000;0.000;3.0596;71.708;96.801;12.000;0.000;0.000;0.000;0.000;0.000;6479.000;0.000;2.9548;71.957;96.190;11.000;2.000;0.011;0.000;0.011;0.000;160.000;0.000
160;1.2909;0.5399;1.7950;0.6645;0.6913;0.5657;0.9946;2.7776;57.928;80.708;12.000;0.000;0.000;0.000;0.000;0.000;0.000;0.000;3.0819;57.375;82.651;12.000;0.000;0.000;0.000;0.000;0.000;8578.000;0.000;3.0819;57.375;82.651;12.000;0.000;0.000;0.000;0.000;0.000;8578.000;0.000;2.8198;57.681;80.807;13.000;7.000;0.222;0.000;0.222;0.000;0.000;0.000
161;1.8009;1.2529;0.9881;1.6455;1.8649;1.0884;1.5011;2.9464;83.289;107.453;15.000;0.000;0.000;0.000;0.000;0.000;0.000;0.000;3.0592;82.387;107.476;15.000;0.000;0.000;0.000;0.000;0.000;3397.000;0.000;3.0592;82.387;107.476;15.000;0.000;0.000;0.000;0.000;0.000;3397.000;0.000;3.0316;82.544;107.407;15.000;2.000;0.145;0.000;0.145;0.000;769.000;0.000
162;1.9528;0.5208;1.1252;1.2986;1.0636;0.7617;0.7242;2.8355;46.955;70.211;10.000;0.000;0.000;0.000;0.000;0.000;0.000;0.000;2.9562;46.511;70.756;10.000;0.000;0.000;0.000;0.000;0.000;7639.000;0.000;2.9562;46.511;70.756;10.000;0.000;0.000;0.000;0.000;0.000;7639.000;0.000;2.8545;46.835;70.245;11.000;7.000;0.275;0.000;0.275;0.000;0.000;0.000
163;1.7056;1.6952;0.6051;1.4031;1.3179;0.9486;0.8675;2.9045;52.550;76.370;10.000;0.000;0.000;0.000;0.000;0.000;0.000;0.000;2.9541;52.094;76.321;9.000;0.000;0.000;0.000;0.000;0.000;9021.000;0.000;2.9541;52.094;76.321;9.000;0.000;0.000;0.000;0.000;0.000;9021.000;0.000;2.9058;52.522;76.354;10.000;5.000;0.083;0.000;0.083;0.000;0.000;0.000
164;0.7836;1.3517;0.9362;1.2794;1.3176;1.9485;1.2897;2.9552;76.750;100.987;12.000;0.000;0.000;0.000;0.000;0.000;0.000;0.000;3.1670;75.933;101.907;9.000;0.000;0.000;0.000;0.000;0.000;2782.000;1043.000;3.0465;76.011;100.997;12.000;4.000;0.783;0.000;0.783;0.000;0.000;1959.000;3.0111;76.174;100.870;11.000;4.000;0.128;0.000;0.120;0.007;0.000;0.000
165;0.5578;0.6799;1.1309;0.5175;0.9375;0.7642;0.6408;2.8472;39.405;62.756;7.000;0.000;0.000;0.000;0.000;0.000;0.000;0.000;2.9433;38.980;63.119;6.000;0.000;0.000;0.000;0.000;0.000;5452.000;0.000;2.8853;39.120;62.784;7.000;4.000;0.795;0.000;0.795;0.000;0.000;0.000;2.9012;39.168;62.962;6.000;3.000;0.031;0.000;0.031;0.000;0.000;0.000
166;0.5326;0.5118;0.6328;1.8364;0.7872;1.8336;0.5729;2.8942;42.403;66.140;6.000;0.000;0.000;0.000;0.000;0.000;0.000;0.000;3.0054;42.223;66.872;6.000;0.000;0.000;0.000;0.000;0.000;241.000;1522.000;2.9890;42.126;66.639;8.000;4.000;2.111;0.000;2.111;0.000;0.000;1330.000;2.9118;42.321;66.202;6.000;2.000;0.051;0.000;0.008;0.043;45.000;0.000
167;1.1551;1.0410;1.2055;1.6188;0.8584;1.2576;0.6702;2.9712;46.101;70.469;10.000;0.000;0.000;0.000;0.000;0.000;0.000;0.000;3.1157;45.704;71.257;10.000;0.000;0.000;0.000;0.000;0.000;2258.000;1182.000;3.1157;45.704;71.257;10.000;0.000;0.000;0.000;0.000;0.000;2258.000;1182.000;3.0212;45.847;70.625;9.000;5.000;0.293;0.000;0.218;0.075;110.000;0.000
168;1.4861;1.0489;0.5589;0.7505;0.6028;1.4048;0.8752;2.9748;55.275;79.673;10.000;0.000;0.000;0.000;0.000;0.000;0.000;0.000;3.0211;55.109;79.885;10.000;0.000;0.000;0.000;0.000;0.000;1965.000;316.000;3.0211;55.109;79.885;10.000;0.000;0.000;0.000;0.000;0.000;1965.000;316.000;2.9895;55.206;79.725;9.000;5.000;0.159;0.000;0.135;0.024;0.000;0.000
169;1.0329;1.1639;0.8383;1.9614;1.4201;1.2286;0.6173;3.0166;42.104;66.844;8.000;0.000;0.000;0.000;0.000;0.000;0.000;0.000;3.0674;41.950;67.107;7.000;0.000;0.000;0.000;0.000;0.000;2441.000;0.000;3.1497;41.938;67.770;7.000;4.000;0.377;0.000;0.377;0.000;0.000;1886.000;3.0274;42.064;66.893;8.000;5.000;0.184;0.000;0.167;0.018;0.000;0.000
170;0.8362;0.8458;1.3264;0.5597;0.6071;1.5034;0.8495;2.9616;55.134;79.424;10.000;0.000;0.000;0.000;0.000;0.000;0.000;0.000;3.0648;54.625;79.761;10.000;0.000;0.000;0.000;0.000;0.000;4304.000;344.000;3.0648;54.625;79.761;10.000;0.000;0.000;0.000;0.000;0.000;4304.000;344.000;3.0093;54.889;79.570;10.000;5.000;0.143;0.000;0.135;0.009;0.000;0.000
171;0.7572;0.5784;0.5622;0.8938;0.9460;1.9183;1.2560;2.9417;73.785;97.911;11.000;0.000;0.000;0.000;0.000;0.000;0.000;0.000;3.0104;73.498;98.188;9.000;0.000;0.000;0.000;0.000;0.000;1151.000;303.000;2.9762;73.326;97.735;12.000;4.000;1.761;0.000;1.761;0.000;0.000;691.000;2.9845;73.558;98.035;9.000;2.000;0.107;0.000;0.024;0.082;235.000;0.000
172;0.6802;1.2892;0.5089;1.4036;0.7713;1.2824;1.8800;3.0116;97.297;121.996;15.000;0.000;0.000;0.000;0.000;0.000;0.000;0.000;3.2459;96.160;122.780;14.000;0.000;0.000;0.000;0.000;0.000;3260.000;985.000;3.0936;96.071;121.443;16.000;4.000;2.059;0.000;2.059;0.000;0.000;621.000;3.1044;96.299;121.759;14.000;3.000;0.065;0.000;0.025;0.040;0.000;0.000
173;1.9700;1.0793;0.5508;0.5447;0.7283;0.5698;0.7452;2.7805;45.094;67.899;9.000;0.000;0.000;0.000;0.000;0.000;0.000;0.000;2.8978;44.931;68.697;9.000;0.000;0.000;0.000;0.000;0.000;4546.000;0.000;2.8978;44.931;68.697;9.000;0.000;0.000;0.000;0.000;0.000;4546.000;0.000;2.7965;45.070;68.006;9.000;5.000;0.234;0.000;0.234;0.000;0.000;0.000
174;1.7067;0.7657;0.7894;1.5823;1.4358;0.7820;1.0033;2.8454;58.074;81.411;11.000;0.000;0.000;0.000;0.000;0.000;0.000;0.000;2.9217;57.704;81.666;11.000;0.000;0.000;0.000;0.000;0.000;2561.000;0.000;2.9217;57.704;81.666;11.000;0.000;0.000;0.000;0.000;0.000;2561.000;0.000;2.8940;57.770;81.505;11.000;5.000;0.293;0.000;0.293;0.000;0.000;0.000
175;1.0869;1.3620;0.6020;1.4210;0.5720;1.1284;1.8537;2.9807;96.320;120.766;14.000;0.000;0.000;0.000;0.000;0.000;0.000;0.000;3.2697;95.358;122.174;11.000;0.000;0.000;0.000;0.000;0.000;5065.000;0.000;3.0463;95.413;120.398;15.000;4.000;0.845;0.000;0.845;0.000;0.000;0.000;3.0555;95.507;120.567;14.000;3.000;0.043;0.000;0.043;0.000;0.000;0.000
176;0.6341;1.4632;0.8602;0.6906;1.0192;0.6512;0.9269;2.8256;50.942;74.116;8.000;0.000;0.000;0.000;0.000;0.000;0.000;0.000;2.9101;50.870;74.736;8.000;0.000;0.000;0.000;0.000;0.000;3271.000;0.000;2.8228;50.844;73.996;9.000;4.000;1.275;0.000;1.275;0.000;0.000;0.000;2.8335;50.930;74.169;8.000;3.000;0.077;0.000;0.077;0.000;0.000;0.000
177;1.1265;1.4556;1.5454;1.7133;0.9810;1.7764;1.7318;2.9661;98.004;122.330;18.000;0.000;0.000;0.000;0.000;0.000;0.000;0.000;3.1031;96.987;122.437;15.000;0.000;0.000;0.000;0.000;0.000;4773.000;118.000;3.1031;96.987;122.437;15.000;0.000;0.000;0.000;0.000;0.000;4773.000;118.000;3.0248;97.212;122.020;16.000;7.000;0.360;0.000;0.280;0.080;0.000;0.000
178;0.9845;0.5820;0.8289;1.4060;1.0874;0.6482;1.6498;2.8148;84.527;107.612;14.000;0.000;0.000;0.000;0.000;0.000;0.000;0.000;3.0263;83.545;108.366;11.000;0.000;0.000;0.000;0.000;0.000;4943.000;0.000;2.8833;83.523;107.170;13.000;4.000;0.511;0.000;0.511;0.000;0.000;0.000;2.8930;83.578;107.304;13.000;4.000;0.098;0.000;0.098;0.000;0.000;0.000
179;1.2242;0.5975;1.5586;1.0205;0.8208;1.0334;1.0573;2.9485;62.856;87.037;12.000;0.000;0.000;0.000;0.000;0.000;0.000;0.000;2.9715;62.630;87.001;12.000;0.000;0.000;0.000;0.000;0.000;3041.000;0.000;2.9715;62.630;87.001;12.000;0.000;0.000;0.000;0.000;0.000;3041.000;0.000;2.9455;62.759;86.917;12.000;2.000;0.147;0.000;0.147;0.000;549.000;0.000
180;1.9401;1.2916;0.7307;0.8914;0.5839;0.8178;1.5313;2.8680;82.402;105.924;15.000;0.000;0.000;0.000;0.000;0.000;0.000;0.000;3.0103;81.412;106.101;14.000;0.000;0.000;0.000;0.000;0.000;4484.000;0.000;3.0103;81.412;106.101;14.000;0.000;0.000;0.000;0.000;0.000;4484.000;0.000;2.9590;81.488;105.756;15.000;6.000;0.307;0.000;0.307;0.000;0.000;0.000
181;0.8757;1.5361;0.7737;1.1859;0.5537;0.6017;0.8812;2.7905;49.190;72.076;8.000;0.000;0.000;0.000;0.000;0.000;0.000;0.000;2.8545;49.075;72.486;7.000;0.000;0.000;0.000;0.000;0.000;1680.000;0.000;2.7976;49.017;71.961;9.000;4.000;0.910;0.000;0.910;0.000;0.000;0.000;2.8030;49.105;72.094;8.000;3.000;0.120;0.000;0.120;0.000;0.000;0.000
182;1.7820;1.3416;0.6786;0.7553;0.5321;1.2166;1.8589;3.0055;99.047;123.696;16.000;0.000;0.000;0.000;0.000;0.000;0.000;0.000;3.1149;98.053;123.599;13.000;0.000;0.000;0.000;0.000;0.000;3773.000;0.000;3.1149;98.053;123.599;13.000;0.000;0.000;0.000;0.000;0.000;3773.000;0.000;3.0935;98.226;123.597;11.000;2.000;0.033;0.000;0.033;0.000;123.000;0.000
183;1.2180;1.4249;0.8465;1.4744;0.9858;1.3384;0.7157;2.9700;47.879;72.237;9.000;0.000;0.000;0.000;0.000;0.000;0.000;0.000;3.2175;47.532;73.920;5.000;0.000;0.000;0.000;0.000;0.000;4506.000;942.000;3.2175;47.532;73.920;5.000;0.000;0.000;0.000;0.000;0.000;4506.000;942.000;2.9763;47.819;72.229;9.000;5.000;0.219;0.000;0.121;0.098;0.000;0.000
184;1.3282;0.6913;0.7964;0.7417;0.9175;0.6741;1.1553;2.8075;63.260;86.286;11.000;0.000;0.000;0.000;0.000;0.000;0.000;0.000;2.9080;62.805;86.655;9.000;0.000;0.000;0.000;0.000;0.000;1306.000;0.000;2.9080;62.805;86.655;9.000;0.000;0.000;0.000;0.000;0.000;1306.000;0.000;2.8663;62.823;86.330;11.000;4.000;0.222;0.000;0.222;0.000;0.000;0.000
185;1.2237;0.6856;1.4574;1.2555;1.8875;1.6600;1.8574;2.9721;102.769;127.144;18.000;0.000;0.000;0.000;0.000;0.000;0.000;0.000;3.3169;101.638;128.841;17.000;0.000;0.000;0.000;0.000;0.000;4902.000;1932.000;3.3169;101.638;128.841;17.000;0.000;0.000;0.000;0.000;0.000;4902.000;1932.000;3.0325;101.917;126.788;18.000;7.000;0.350;0.000;0.267;0.083;0.000;0.000
186;1.7948;1.7559;1.9554;1.8801;0.8197;0.6008;1.8156;2.8052;96.833;119.840;19.000;0.000;0.000;0.000;0.000;0.000;0.000;0.000;2.9175;95.937;119.864;17.000;0.000;0.000;0.000;0.000;0.000;4470.000;0.000;2.9175;95.937;119.864;17.000;0.000;0.000;0.000;0.000;0.000;4470.000;0.000;2.8628;96.073;119.551;19.000;9.000;0.774;0.000;0.774;0.000;0.000;0.000
187;0.7714;1.6597;1.9877;1.1829;0.7438;1.2553;1.6132;3.0124;89.439;114.145;17.000;0.000;0.000;0.000;0.000;0.000;0.000;0.000;3.1596;88.502;114.416;15.000;0.000;0.000;0.000;0.000;0.000;6403.000;0.000;3.1596;88.502;114.416;15.000;0.000;0.000;0.000;0.000;0.000;6403.000;0.000;3.0569;88.804;113.875;15.000;4.000;0.088;0.000;0.024;0.063;204.000;0.000
188;0.6331;1.6866;1.3542;1.7980;0.8076;1.7663;0.6454;2.9378;47.323;71.417;9.000;0.000;0.000;0.000;0.000;0.000;0.000;0.000;3.2262;46.605;73.064;8.000;0.000;0.000;0.000;0.000;0.000;6436.000;434.000;3.0012;47.009;71.623;8.000;4.000;0.070;0.000;0.070;0.000;0.000;471.000;2.9841;47.036;71.510;8.000;5.000;0.172;0.000;0.062;0.110;0.000;0.000
189;1.3682;1.8174;1.0751;0.6161;1.8960;1.1286;0.7324;2.9471;48.011;72.182;9.000;0.000;0.000;0.000;0.000;0.000;0.000;0.000;3.1666;47.375;73.345;9.000;0.000;0.000;0.000;0.000;0.000;9867.000;0.000;3.1666;47.375;73.345;9.000;0.000;0.000;0.000;0.000;0.000;9867.000;0.000;2.9761;47.899;72.307;9.000;5.000;0.066;0.000;0.066;0.000;0.000;0.000
190;1.7892;1.5725;1.8362;1.2262;0.6772;1.1460;1.0113;2.9716;63.947;88.318;14.000;0.000;0.000;0.000;0.000;0.000;0.000;0.000;3.2313;62.801;89.303;13.000;0.000;0.000;0.000;0.000;0.000;12372.000;0.000;3.2313;62.801;89.303;13.000;0.000;0.000;0.000;0.000;0.000;12372.000;0.000;3.0213;63.577;88.355;12.000;8.000;0.218;0.000;0.218;0.000;0.000;0.000
191;1.0107;0.5100;0.7143;0.7263;0.5649;0.8452;0.9314;2.8920;52.981;76.699;8.000;0.000;0.000;0.000;0.000;0.000;0.000;0.000;2.9426;52.914;77.047;8.000;0.000;0.000;0.000;0.000;0.000;1986.000;0.000;2.8936;52.871;76.603;9.000;4.000;0.744;0.000;0.744;0.000;0.000;0.000;2.8946;52.963;76.703;8.000;3.000;0.107;0.000;0.107;0.000;0.000;0.000
192;1.2941;1.0276;0.9379;0.6123;0.6936;0.7795;0.6143;2.8600;39.701;63.157;8.000;0.000;0.000;0.000;0.000;0.000;0.000;0.000;2.8806;39.608;63.233;7.000;0.000;0.000;0.000;0.000;0.000;1798.000;0.000;2.8806;39.608;63.233;7.000;0.000;0.000;0.000;0.000;0.000;1798.000;0.000;2.8705;39.641;63.184;8.000;4.000;0.222;0.000;0.222;0.000;188.000;0.000
193;0.7142;0.8756;0.6884;0.7122;1.4818;0.8267;0.8496;2.8572;48.564;71.997;8.000;0.000;0.000;0.000;0.000;0.000;0.000;0.000;2.9205;48.227;72.180;8.000;0.000;0.000;0.000;0.000;0.000;2889.000;0.000;2.8867;48.186;71.861;9.000;4.000;1.524;0.000;1.524;0.000;0.000;0.000;2.9016;48.305;72.103;8.000;3.000;0.075;0.000;0.075;0.000;0.000;0.000
194;1.4786;1.4504;1.3498;1.1193;0.5458;1.6472;1.1924;2.9373;73.329;97.419;14.000;0.000;0.000;0.000;0.000;0.000;0.000;0.000;3.0705;72.502;97.685;14.000;0.000;0.000;0.000;0.000;0.000;6090.000;422.000;3.0705;72.502;97.685;14.000;0.000;0.000;0.000;0.000;0.000;6090.000;422.000;3.0116;72.656;97.355;14.000;7.000;0.392;0.000;0.352;0.040;0.000;0.000
195;1.8412;0.6427;0.5880;1.7462;0.7741;1.8915;1.4266;2.9403;84.350;108.464;15.000;0.000;0.000;0.000;0.000;0.000;0.000;0.000;3.1625;83.657;109.593;14.000;0.000;0.000;0.000;0.000;0.000;7435.000;1952.000;3.1625;83.657;109.593;14.000;0.000;0.000;0.000;0.000;0.000;7435.000;1952.000;2.9654;84.209;108.530;15.000;6.000;0.215;0.000;0.140;0.075;0.000;0.000
196;0.6830;1.1918;0.8026;1.5592;1.2197;1.3744;0.7436;2.9729;47.815;72.197;8.000;0.000;0.000;0.000;0.000;0.000;0.000;0.000;3.0413;47.594;72.536;8.000;0.000;0.000;0.000;0.000;0.000;3279.000;1021.000;3.0034;47.639;72.271;9.000;4.000;1.321;0.000;1.321;0.000;0.000;946.000;2.9729;47.779;72.160;8.000;4.000;0.110;0.000;0.072;0.037;0.000;0.000
197;0.5155;0.8866;1.3508;1.7713;0.7663;0.9447;1.6973;2.9147;88.484;112.389;14.000;0.000;0.000;0.000;0.000;0.000;0.000;0.000;3.0306;87.315;112.170;13.000;0.000;0.000;0.000;0.000;0.000;2609.000;0.000;3.0018;87.364;111.984;13.000;4.000;0.356;0.000;0.356;0.000;0.000;0.000;3.0082;87.384;112.056;13.000;4.000;0.154;0.000;0.154;0.000;0.000;0.000
198;0.7082;1.2855;1.7014;1.1981;0.5870;1.2350;0.5297;2.9809;39.739;64.186;8.000;0.000;0.000;0.000;0.000;0.000;0.000;0.000;3.0774;39.243;64.482;8.000;0.000;0.000;0.000;0.000;0.000;7010.000;0.000;3.0774;39.243;64.482;8.000;0.000;0.000;0.000;0.000;0.000;7010.000;0.000;3.0003;39.648;64.255;7.000;5.000;0.142;0.000;0.142;0.000;0.000;0.000
199;0.7389;1.7037;1.3459;0.6737;1.3044;1.1074;1.5348;2.9685;82.881;107.227;13.000;0.000;0.000;0.000;0.000;0.000;0.000;0.000;3.3792;81.719;109.433;9.000;0.000;0.000;0.000;0.000;0.000;7171.000;0.000;3.3792;81.719;109.433;9.000;0.000;0.000;0.000;0.000;0.000;7171.000;0.000;3.0573;82.019;107.093;13.000;4.000;0.046;0.000;0.046;0.000;0.000;0.000

## Cout total (kEUR) a C_visite = 0.5 kEUR/intervention
policy;mean;std;P5;P50;P95;CVaR90;LPSP_mean;nint_mean;waste_mean;outage_h_mean
instant;95.143;20.776;65.650;93.167;130.399;131.952;2.9146;11.62;0.000;0
corrective;95.294;20.583;65.923;93.621;129.945;131.620;3.0618;10.62;0.000;5327
calendar;95.629;20.515;66.693;93.326;130.425;132.168;3.0301;11.02;0.385;3945
rul;94.970;20.502;65.721;93.250;129.838;131.021;2.9529;10.99;0.154;85
# differences appariees CRN (negatif = 1er gagne)
paire;mean;std;P5;P95;pct_gagne
rul - corrective;-0.324;0.829;-1.499;0.711;65.0%
rul - calendar;-0.659;1.060;-2.598;0.711;71.5%
calendar - corrective;0.335;0.833;-0.600;1.982;7.5%
rul - instant;-0.172;0.674;-1.299;0.448;45.5%

## Cout total (kEUR) a C_visite = 1.5 kEUR/intervention
policy;mean;std;P5;P50;P95;CVaR90;LPSP_mean;nint_mean;waste_mean;outage_h_mean
instant;106.763;23.711;73.226;105.313;147.729;148.790;2.9146;11.62;0.000;0
corrective;105.914;23.209;72.901;104.936;144.255;146.524;3.0618;10.62;0.000;5327
calendar;106.644;23.120;73.522;105.782;146.376;147.778;3.0301;11.02;0.385;3945
rul;105.965;23.084;72.694;104.939;144.290;146.066;2.9529;10.99;0.154;85
# differences appariees CRN (negatif = 1er gagne)
paire;mean;std;P5;P95;pct_gagne
rul - corrective;0.051;2.333;-2.995;3.734;57.5%
rul - calendar;-0.679;2.706;-5.407;3.678;65.0%
calendar - corrective;0.730;1.722;-0.520;4.443;8.0%
rul - instant;-0.797;1.874;-3.679;0.448;45.5%

## Cout total (kEUR) a C_visite = 3.0 kEUR/intervention
policy;mean;std;P5;P50;P95;CVaR90;LPSP_mean;nint_mean;waste_mean;outage_h_mean
instant;124.193;28.177;83.726;123.167;172.849;174.199;2.9146;11.62;0.000;0
corrective;121.844;27.276;83.396;121.606;166.725;169.060;3.0618;10.62;0.000;5327
calendar;123.167;27.132;84.224;122.634;170.393;171.328;3.0301;11.02;0.385;3945
rul;122.458;27.094;83.094;121.849;166.194;169.239;2.9529;10.99;0.154;85
# differences appariees CRN (negatif = 1er gagne)
paire;mean;std;P5;P95;pct_gagne
rul - corrective;0.614;4.751;-5.995;8.784;54.5%
rul - calendar;-0.709;5.325;-8.508;8.185;63.5%
calendar - corrective;1.323;3.193;-0.600;7.683;7.0%
rul - instant;-1.735;3.691;-6.754;0.448;45.5%
