# Comparaison contrainte RB2 vs RB2(SoH) — min deg s.c. LPSP<=CAP — 25 ans
# LPSP_CAP=2.4540%  (ancre = RB2(0.45, 0.33))  estimateur=metrics() commun
famille;coef_fc;coef_ely;faisable;LPSP_%;deg_kEUR;vie_bat;vie_fc;vie_ely
RB2;0.550;0.300;0;5.9165;56.30;3.999429223744292;13.571917808219178;21.659132420091325
RB2;0.500;0.300;0;3.7111;56.93;3.9666666666666663;12.758219178082191;21.629109589041096
RB2;0.475;0.300;0;3.3655;57.37;3.9408675799086756;12.73082191780822;21.256278538812786
RB2;0.450;0.300;0;2.9090;57.85;3.9133561643835617;12.636415525114154;20.74132420091324
RB2;0.550;0.320;0;4.9493;58.39;4.018721461187215;13.314269406392693;15.730365296803653
RB2;0.460;0.310;0;2.8758;58.49;3.924429223744292;12.626712328767123;18.01255707762557
RB2;0.400;0.300;0;2.8371;58.65;3.8832191780821916;12.673059360730592;19.803995433789954
RB2;0.450;0.310;0;2.6947;58.67;3.9172374429223744;12.592579908675798;17.90582191780822
RB2;0.440;0.310;0;2.5920;58.85;3.9106164383561643;12.571803652968036;17.77134703196347
RB2;0.500;0.320;0;3.3662;59.10;3.9707762557077624;12.673059360730592;15.609817351598172
RB2;0.475;0.320;0;2.9275;59.82;3.9462328767123287;12.662328767123288;15.33310502283105
RB2;0.460;0.320;0;2.6384;60.11;3.926255707762557;12.58824200913242;15.292123287671233
RB2;0.450;0.320;0;2.5246;60.35;3.918835616438356;12.559360730593607;15.215068493150685
RB2;0.440;0.320;0;2.5208;60.59;3.910730593607306;12.560844748858447;15.157534246575342
RB2;0.400;0.320;0;2.8740;61.33;3.885958904109589;12.673059360730592;14.990296803652967
RB2;0.550;0.330;0;4.7671;63.70;4.0162100456621;13.122602739726027;12.798858447488584
RB2;0.500;0.330;0;3.1013;64.57;3.9710045662100457;12.642922374429224;12.722260273972603
RB2;0.400;0.330;0;2.8746;65.14;3.8844748858447486;12.673059360730592;12.938698630136987
RB2;0.475;0.330;0;2.7127;65.18;3.9462328767123287;12.626712328767123;12.648287671232877
RB2;0.460;0.330;0;2.4707;65.35;3.9256849315068494;12.552625570776256;12.648287671232877
RB2;0.440;0.330;0;2.5259;65.38;3.9106164383561643;12.560844748858447;12.721917808219178
RB2;0.450;0.330;1;2.4540;65.42;3.917579908675799;12.548744292237442;12.664611872146118
RB2;0.550;0.340;0;3.9526;67.08;4.016095890410959;12.935502283105022;10.215296803652969
RB2;0.500;0.340;0;2.9676;67.63;3.9664383561643834;12.610159817351597;10.239954337899544
RB2;0.400;0.340;0;2.8374;67.75;3.8791095890410956;12.673059360730592;11.026027397260274
RB2;0.475;0.340;1;2.4519;67.86;3.9396118721461186;12.593721461187215;10.38527397260274
RB2;0.450;0.340;1;2.4087;67.88;3.911643835616438;12.548744292237442;10.568835616438356
RB2;0.440;0.340;0;2.5067;67.89;3.9038812785388126;12.560844748858447;10.628995433789955
RB2;0.460;0.340;1;2.3385;67.93;3.91986301369863;12.536187214611871;10.470091324200913
RB2;0.400;0.360;0;2.8158;73.54;3.8623287671232878;12.673059360730592;8.812442922374428
RB2;0.450;0.360;1;2.4050;75.69;3.907876712328767;12.548744292237442;8.17146118721461
RB2;0.475;0.360;1;2.2074;75.94;3.9378995433789954;12.552625570776256;7.924657534246575
RB2;0.550;0.360;0;3.4434;75.96;4.0256849315068495;12.78972602739726;7.489383561643836
RB2;0.500;0.360;1;2.4272;76.04;3.9659817351598172;12.555479452054794;7.69486301369863
RB2(SoH);0.550;0.300;0;5.1268;53.91;3.9913242009132417;13.268607305936072;None
RB2(SoH);0.500;0.300;0;3.5510;54.58;3.959931506849315;12.732191780821918;None
RB2(SoH);0.475;0.300;0;3.1693;55.21;3.9281963470319634;12.677168949771689;None
RB2(SoH);0.450;0.300;0;2.8857;55.92;3.9106164383561643;12.615639269406392;None
RB2(SoH);0.550;0.320;0;4.2100;57.00;4.005022831050228;12.872602739726027;20.130479452054793
RB2(SoH);0.400;0.300;0;3.0792;57.20;3.880365296803653;12.663812785388128;24.604337899543378
RB2(SoH);0.500;0.320;0;3.0665;57.82;3.9639269406392694;12.669292237442923;19.74417808219178
RB2(SoH);0.485;0.320;0;2.8705;58.12;3.9499999999999997;12.626712328767123;19.451027397260273
RB2(SoH);0.475;0.320;0;2.7145;58.28;3.9418949771689498;12.592579908675798;19.327625570776256
RB2(SoH);0.465;0.320;0;2.6485;58.45;3.9255707762557077;12.576141552511416;19.190753424657533
RB2(SoH);0.450;0.320;0;2.6776;58.68;3.9146118721461187;12.596575342465753;19.006963470319633
RB2(SoH);0.550;0.330;0;3.8265;58.95;4.010844748858448;12.803424657534245;16.097716894977168
RB2(SoH);0.400;0.320;0;3.0537;59.41;3.8829908675799087;12.663812785388128;18.40719178082192
RB2(SoH);0.500;0.330;0;2.8775;59.91;3.9640410958904106;12.647374429223744;15.878424657534246
RB2(SoH);0.485;0.330;0;2.6674;60.20;3.9499999999999997;12.59931506849315;15.815182648401827
RB2(SoH);0.475;0.330;0;2.5596;60.37;3.9418949771689498;12.570662100456621;15.785159817351598
RB2(SoH);0.465;0.330;0;2.5728;60.54;3.9255707762557077;12.567922374429223;15.730479452054794
RB2(SoH);0.450;0.330;0;2.6561;60.72;3.913470319634703;12.596575342465753;15.746803652968037
RB2(SoH);0.400;0.330;0;3.0601;61.37;3.88162100456621;12.663812785388128;15.60970319634703
RB2(SoH);0.400;0.340;0;3.0384;64.85;3.870205479452055;12.663812785388128;13.261872146118721
RB2(SoH);0.550;0.340;0;3.6196;64.93;4.009018264840183;12.762328767123288;12.538698630136986
RB2(SoH);0.450;0.340;0;2.6222;65.25;3.907876712328767;12.596575342465753;12.892123287671232
RB2(SoH);0.465;0.340;0;2.4892;65.33;3.918835616438356;12.567922374429223;12.788013698630136
RB2(SoH);0.500;0.340;0;2.7854;65.37;3.959931506849315;12.64200913242009;12.618150684931507
RB2(SoH);0.485;0.340;0;2.5336;65.41;3.943607305936073;12.591095890410958;12.683789954337898
RB2(SoH);0.475;0.340;1;2.4347;65.49;3.927853881278539;12.559703196347032;12.689383561643835
RB2(SoH);0.465;0.350;0;2.4793;68.02;3.9174657534246573;12.567922374429223;10.820662100456621
RB2(SoH);0.475;0.350;1;2.4136;68.10;3.926255707762557;12.559703196347032;10.705707762557077
RB2(SoH);0.485;0.350;1;2.4144;68.11;3.9434931506849313;12.563584474885845;10.60433789954338
RB2(SoH);0.400;0.360;0;3.0131;69.65;3.8595890410958904;12.663812785388128;10.278196347031963
RB2(SoH);0.450;0.360;0;2.5907;70.71;3.903538812785388;12.596575342465753;9.612671232876712
RB2(SoH);0.475;0.360;1;2.4010;71.21;3.924429223744292;12.559703196347032;9.352397260273973
RB2(SoH);0.500;0.360;1;2.4089;71.64;3.958333333333333;12.565182648401827;9.113926940639269
RB2(SoH);0.550;0.360;0;3.2202;71.98;4.0159817351598175;12.682990867579909;8.839954337899544
