# RB2(SoH) generalisee gamma — min deg s.c. LPSP<=cap — 25 ans — metrics() commun
# REF RB2(0.45, 0.33) : LPSP_cap=2.4540%  deg_cible=65.42kEUR
phase;c_fc;c_ely;g_fc;g_ely;faisable;LPSP_%;deg_kEUR;vie_bat;vie_fc;vie_ely
2;0.455;0.330;0.0;0.0;1;2.4530;65.40;3.9215753424657533;12.54714611872146;12.656392694063927
1;0.450;0.330;0.0;0.0;1;2.4540;65.42;3.917579908675799;12.548744292237442;12.664611872146118
1;0.475;0.340;1.0;1.0;1;2.4347;65.49;3.927853881278539;12.559703196347032;12.689383561643835
2;0.455;0.335;0.0;0.0;1;2.3720;66.70;3.914497716894977;12.541666666666666;11.467351598173515
2;0.450;0.335;0.0;0.0;1;2.4017;66.71;3.9106164383561643;12.548744292237442;11.51392694063927
2;0.445;0.335;0.0;0.0;1;2.4507;66.73;3.9063926940639266;12.554223744292237;11.549657534246576
1;0.475;0.340;0.0;0.0;1;2.4519;67.86;3.9396118721461186;12.593721461187215;10.38527397260274
1;0.475;0.340;1.0;0.0;1;2.4104;67.86;3.9281963470319634;12.559703196347032;10.615410958904109
1;0.450;0.340;0.0;0.0;1;2.4087;67.88;3.911643835616438;12.548744292237442;10.568835616438356
1;0.450;0.350;0.0;1.0;1;2.4344;68.10;3.909132420091324;12.554223744292237;10.700342465753424
1;0.475;0.350;1.0;1.0;1;2.4136;68.10;3.926255707762557;12.559703196347032;10.705707762557077
1;0.500;0.350;2.0;0.0;1;2.4277;71.46;3.952054794520548;12.570662100456621;9.102853881278538
1;0.475;0.350;1.0;0.0;1;2.3826;71.53;3.924771689497717;12.559703196347032;9.140981735159817
1;0.450;0.350;0.0;0.0;1;2.3883;71.54;3.9079908675799087;12.548744292237442;9.157762557077625
1;0.500;0.350;1.0;0.0;1;2.3009;72.14;3.958333333333333;12.55159817351598;8.861986301369862
1;0.475;0.350;0.0;0.0;1;2.2448;72.25;3.9365296803652967;12.55810502283105;8.892123287671232
1;0.500;0.310;0.0;2.0;0;4.4068;53.37;3.9710045662100457;12.826712328767123;None
1;0.500;0.310;1.0;2.0;0;3.6337;53.73;3.9639269406392694;12.718607305936073;None
1;0.475;0.310;0.0;2.0;0;3.6829;53.76;3.942009132420091;12.736187214611872;None
1;0.500;0.310;2.0;2.0;0;3.2352;54.17;3.957077625570776;12.66107305936073;None
1;0.475;0.310;1.0;2.0;0;3.2305;54.19;3.93824200913242;12.655593607305935;None
1;0.450;0.310;0.0;2.0;0;3.2064;54.26;3.9148401826484016;12.650456621004565;None
1;0.500;0.320;0.0;2.0;0;4.0448;54.34;3.9710045662100457;12.73082191780822;None
1;0.475;0.310;2.0;2.0;0;3.0027;54.67;3.9280821917808217;12.633675799086758;None
1;0.450;0.310;1.0;2.0;0;2.9356;54.68;3.911986301369863;12.596575342465753;None
1;0.500;0.320;1.0;2.0;0;3.3310;54.79;3.9639269406392694;12.699429223744291;None
1;0.475;0.320;0.0;2.0;0;3.4839;54.87;3.944634703196347;12.708789954337899;None
1;0.450;0.310;2.0;2.0;0;2.9535;55.15;3.909132420091324;12.634931506849314;None
1;0.500;0.320;2.0;2.0;0;3.0662;55.32;3.958333333333333;12.628196347031963;None
1;0.475;0.320;1.0;2.0;0;3.0739;55.40;3.9409817351598173;12.609018264840183;None
1;0.450;0.320;0.0;2.0;0;3.0445;55.46;3.9174657534246573;12.611757990867579;None
1;0.475;0.320;2.0;2.0;0;2.8907;55.87;3.9381278538812783;12.614497716894977;None
1;0.450;0.320;1.0;2.0;0;2.8606;55.97;3.9146118721461187;12.596575342465753;None
1;0.500;0.310;0.0;1.0;0;3.8943;56.25;3.9694063926940637;12.741780821917807;24.130593607305936
1;0.450;0.320;2.0;2.0;0;2.8979;56.42;3.911529680365297;12.634931506849314;None
1;0.500;0.310;1.0;1.0;0;3.3095;56.65;3.9639269406392694;12.707648401826484;23.77420091324201
1;0.500;0.330;0.0;2.0;0;3.7895;56.67;3.971917808219178;12.68972602739726;22.450913242009133
1;0.475;0.310;0.0;1.0;0;3.3733;56.69;3.942351598173516;12.722602739726026;23.70296803652968
1;0.500;0.310;2.0;1.0;0;3.0143;57.08;3.957077625570776;12.647374429223744;23.245319634703197
1;0.500;0.330;1.0;2.0;0;3.2047;57.10;3.9657534246575343;12.658333333333333;22.198972602739726
1;0.475;0.310;1.0;1.0;0;2.9415;57.14;3.9393835616438353;12.625456621004567;23.157762557077625
1;0.475;0.330;0.0;2.0;0;3.2408;57.14;3.9462328767123287;12.681392694063927;22.053881278538814
1;0.450;0.310;0.0;1.0;0;2.9273;57.18;3.9160958904109586;12.625456621004567;23.075456621004566
1;0.500;0.320;0.0;1.0;0;3.5592;57.32;3.970890410958904;12.703424657534246;19.996118721461187
1;0.500;0.330;2.0;2.0;0;2.9650;57.51;3.9610730593607304;12.606278538812784;21.853652968036528
1;0.475;0.310;2.0;1.0;0;2.8302;57.53;3.9288812785388125;12.625456621004567;22.659132420091325
1;0.475;0.330;1.0;2.0;0;2.9158;57.54;3.9434931506849313;12.595319634703197;21.771461187214612
1;0.450;0.310;1.0;1.0;0;2.7368;57.57;3.9133561643835617;12.596575342465753;22.57431506849315
1;0.450;0.330;0.0;2.0;0;2.8557;57.58;3.918835616438356;12.592579908675798;21.640068493150686
1;0.500;0.310;0.0;0.0;0;3.4847;57.68;3.972146118721461;12.711643835616439;18.604337899543378
1;0.500;0.320;1.0;1.0;0;3.0665;57.82;3.9639269406392694;12.669292237442923;19.74417808219178
1;0.475;0.320;0.0;1.0;0;3.0831;57.84;3.9447488584474883;12.692465753424656;19.63173515981735
1;0.475;0.330;2.0;2.0;0;2.8387;57.90;3.939269406392694;12.606278538812784;21.49486301369863
1;0.450;0.330;1.0;2.0;0;2.7977;57.93;3.9159817351598174;12.596575342465753;21.355022831050228
1;0.450;0.310;2.0;1.0;0;2.8345;57.94;3.9106164383561643;12.634931506849314;22.050570776255707
1;0.500;0.310;1.0;0.0;0;3.0715;58.18;3.9639269406392694;12.68025114155251;18.325
1;0.475;0.310;0.0;0.0;0;3.0199;58.18;3.9434931506849313;12.714269406392694;18.286643835616438
1;0.450;0.330;2.0;2.0;0;2.8895;58.25;3.9118721461187214;12.634931506849314;21.110958904109587
1;0.500;0.320;2.0;1.0;0;2.8448;58.25;3.9584474885844747;12.614497716894977;19.420890410958904
1;0.475;0.320;1.0;1.0;0;2.7145;58.28;3.9418949771689498;12.592579908675798;19.327625570776256
1;0.450;0.320;0.0;1.0;0;2.6924;58.30;3.9174657534246573;12.582876712328767;19.2236301369863
1;0.500;0.310;2.0;0.0;0;2.8094;58.63;3.9571917808219177;12.636415525114154;18.026141552511415
1;0.475;0.320;2.0;1.0;0;2.7584;58.66;3.9381278538812783;12.614497716894977;19.078424657534246
1;0.475;0.310;1.0;0.0;0;2.7210;58.67;3.9408675799086756;12.609018264840183;17.93835616438356
1;0.450;0.310;0.0;0.0;0;2.6947;58.67;3.9172374429223744;12.592579908675798;17.90582191780822
1;0.450;0.320;1.0;1.0;0;2.6776;58.68;3.9146118721461187;12.596575342465753;19.006963470319633
1;0.450;0.320;2.0;1.0;0;2.8230;59.03;3.910730593607306;12.634931506849314;18.790182648401824
1;0.475;0.310;2.0;0.0;0;2.7331;59.05;3.9381278538812783;12.62283105022831;17.724885844748858
2;0.455;0.320;0.0;0.5;0;2.6587;59.05;3.9215753424657533;12.582648401826484;16.996004566210043
1;0.450;0.310;1.0;0.0;0;2.6328;59.07;3.9143835616438354;12.596575342465753;17.667465753424658
1;0.500;0.320;0.0;0.0;0;3.3662;59.10;3.9707762557077624;12.673059360730592;15.609817351598172
2;0.450;0.320;0.0;0.5;0;2.5937;59.15;3.9187214611872143;12.570662100456621;16.949657534246576
2;0.445;0.320;0.0;0.5;0;2.5626;59.25;3.9146118721461187;12.565068493150685;16.892009132420092
2;0.455;0.320;0.5;0.5;0;2.5300;59.28;3.920091324200913;12.557077625570775;16.960616438356166
2;0.440;0.320;0.0;0.5;0;2.5475;59.36;3.9106164383561643;12.563584474885845;16.834132420091322
1;0.500;0.330;0.0;1.0;0;3.2861;59.39;3.970890410958904;12.665068493150685;15.96324200913242
2;0.450;0.320;0.5;0.5;0;2.5547;59.41;3.9162100456621003;12.560844748858447;16.831392694063926
1;0.450;0.310;2.0;0.0;0;2.8175;59.41;3.9106164383561643;12.634931506849314;17.47294520547945
2;0.445;0.320;0.5;0.5;0;2.5818;59.46;3.9133561643835617;12.574543378995433;16.842351598173515
2;0.440;0.320;0.5;0.5;0;2.6128;59.55;3.909132420091324;12.589840182648402;16.80673515981735
1;0.500;0.320;1.0;0.0;0;2.8429;59.69;3.9646118721461185;12.639155251141553;15.516780821917807
1;0.475;0.320;0.0;0.0;0;2.9275;59.82;3.9462328767123287;12.662328767123288;15.33310502283105
1;0.500;0.340;0.0;2.0;0;3.4602;59.83;3.966552511415525;12.69783105022831;16.626369863013696
1;0.500;0.330;1.0;1.0;0;2.8775;59.91;3.9640410958904106;12.647374429223744;15.878424657534246
1;0.475;0.330;0.0;1.0;0;2.8973;60.03;3.9447488584474883;12.65958904109589;15.771575342465752
1;0.500;0.320;2.0;0.0;0;2.6857;60.10;3.959931506849315;12.611757990867579;15.470205479452055
1;0.475;0.320;1.0;0.0;0;2.5670;60.22;3.9421232876712327;12.578881278538812;15.335958904109589
2;0.455;0.320;0.0;0.0;0;2.5700;60.22;3.9227168949771687;12.56917808219178;15.270091324200912
1;0.500;0.340;1.0;2.0;0;2.9578;60.22;3.959931506849315;12.658333333333333;16.595890410958905
1;0.500;0.330;2.0;1.0;0;2.6980;60.23;3.959931506849315;12.598059360730593;15.900342465753424
2;0.455;0.325;0.0;0.5;0;2.5829;60.24;3.924429223744292;12.571803652968036;15.497602739726027
1;0.475;0.340;0.0;2.0;0;2.9689;60.26;3.940753424657534;12.667808219178081;16.549657534246574
1;0.450;0.320;0.0;0.0;0;2.5246;60.35;3.918835616438356;12.559360730593607;15.215068493150685
2;0.450;0.325;0.0;0.5;0;2.5396;60.35;3.9199771689497718;12.56255707762557;15.459246575342465
1;0.475;0.330;1.0;1.0;0;2.5596;60.37;3.9418949771689498;12.570662100456621;15.785159817351598
2;0.445;0.325;0.0;0.5;0;2.5235;60.46;3.9160958904109586;12.559246575342465;15.43173515981735
2;0.455;0.325;0.5;0.5;0;2.5147;60.46;3.9215753424657533;12.557077625570775;15.451027397260274
1;0.500;0.340;2.0;2.0;0;2.7598;60.48;3.9554794520547945;12.592579908675798;16.60445205479452
2;0.455;0.320;0.5;0.0;0;2.4966;60.48;3.9203196347031963;12.557077625570775;15.20148401826484
2;0.445;0.320;0.0;0.0;0;2.5042;60.48;3.9146118721461187;12.557077625570775;15.166095890410958
1;0.450;0.330;0.0;1.0;0;2.5748;60.49;3.9173515981735156;12.567922374429223;15.681164383561644
2;0.450;0.325;0.5;0.5;0;2.5422;60.50;3.918264840182648;12.560844748858447;15.478310502283104
1;0.475;0.320;2.0;0.0;0;2.6703;60.50;3.9391552511415524;12.611757990867579;15.387671232876713
2;0.450;0.320;0.5;0.0;0;2.5308;60.54;3.9171232876712327;12.560844748858447;15.212328767123287
1;0.475;0.340;1.0;2.0;0;2.6702;60.54;3.930365296803653;12.573401826484018;16.565981735159816
2;0.440;0.325;0.0;0.5;0;2.5328;60.55;3.9118721461187214;12.560844748858447;15.409931506849315
2;0.445;0.325;0.5;0.5;0;2.5778;60.58;3.914497716894977;12.574543378995433;15.472945205479451
2;0.440;0.320;0.0;0.0;0;2.5208;60.59;3.910730593607306;12.560844748858447;15.157534246575342
1;0.475;0.330;2.0;1.0;0;2.6940;60.60;3.9381278538812783;12.606278538812784;15.826027397260274
1;0.450;0.340;0.0;2.0;0;2.6697;60.61;3.9118721461187214;12.589840182648402;16.51678082191781
2;0.445;0.320;0.5;0.0;0;2.5757;60.61;3.9133561643835617;12.574543378995433;15.217808219178082
2;0.440;0.325;0.5;0.5;0;2.6213;60.66;3.9106164383561643;12.589840182648402;15.45376712328767
1;0.450;0.320;1.0;0.0;0;2.6347;60.67;3.91472602739726;12.596575342465753;15.223401826484018
2;0.440;0.320;0.5;0.0;0;2.6197;60.69;3.909132420091324;12.589840182648402;15.206849315068492
1;0.450;0.330;1.0;1.0;0;2.6561;60.72;3.913470319634703;12.596575342465753;15.746803652968037
1;0.475;0.340;2.0;2.0;0;2.7609;60.73;3.924771689497717;12.603538812785388;16.629109589041096
1;0.450;0.340;1.0;2.0;0;2.7095;60.79;3.908904109589041;12.596575342465753;16.577054794520546
1;0.450;0.320;2.0;0.0;0;2.8204;60.91;3.9117579908675797;12.634931506849314;15.291780821917808
1;0.450;0.330;2.0;1.0;0;2.8312;60.93;3.9106164383561643;12.634931506849314;15.815068493150685
1;0.450;0.340;2.0;2.0;0;2.8801;60.94;3.9051369863013696;12.634931506849314;16.620776255707764
2;0.455;0.325;0.0;0.0;0;2.4966;62.14;3.9245433789954336;12.552625570776256;13.960616438356164
2;0.455;0.325;0.5;0.0;0;2.5072;62.16;3.9226027397260275;12.557077625570775;14.050684931506849
2;0.450;0.325;0.5;0.0;0;2.5454;62.20;3.918835616438356;12.560844748858447;14.062100456621003
2;0.450;0.325;0.0;0.0;0;2.4819;62.27;3.920091324200913;12.554223744292237;13.94406392694064
2;0.445;0.325;0.5;0.0;0;2.5859;62.28;3.9146118721461187;12.574543378995433;14.059246575342465
2;0.440;0.325;0.5;0.0;0;2.6322;62.34;3.910730593607306;12.589840182648402;14.059132420091323
2;0.445;0.325;0.0;0.0;0;2.4924;62.34;3.9162100456621003;12.554223744292237;13.94406392694064
2;0.440;0.325;0.0;0.0;0;2.5346;62.37;3.9133561643835617;12.560844748858447;13.960502283105022
2;0.455;0.330;0.5;0.5;0;2.5023;62.44;3.9199771689497718;12.557077625570775;14.059132420091323
2;0.455;0.330;0.0;0.5;0;2.5242;62.45;3.9215753424657533;12.560844748858447;13.984817351598172
2;0.450;0.330;0.5;0.5;0;2.5336;62.49;3.9160958904109586;12.560844748858447;14.075456621004566
2;0.450;0.330;0.0;0.5;0;2.5014;62.53;3.9173515981735156;12.557077625570775;13.98470319634703
2;0.445;0.330;0.5;0.5;0;2.5767;62.53;3.9118721461187214;12.574543378995433;14.094520547945205
2;0.440;0.330;0.5;0.5;0;2.6215;62.57;3.908904109589041;12.589840182648402;14.094748858447488
2;0.445;0.330;0.0;0.5;0;2.5050;62.60;3.913470319634703;12.557077625570775;13.97945205479452
2;0.440;0.330;0.0;0.5;0;2.5270;62.65;3.9106164383561643;12.560844748858447;13.984817351598172
1;0.500;0.350;0.0;2.0;0;3.4142;64.11;3.9659817351598172;12.722602739726026;13.223630136986301
1;0.450;0.350;2.0;2.0;0;2.8244;64.12;3.9044520547945205;12.634931506849314;13.771118721461187
1;0.475;0.350;2.0;2.0;0;2.6411;64.22;3.9240867579908674;12.603538812785388;13.659246575342465
1;0.475;0.330;2.0;0.0;0;2.6339;64.26;3.9390410958904107;12.606278538812784;13.157648401826483
1;0.500;0.350;1.0;2.0;0;2.8483;64.30;3.959931506849315;12.658333333333333;13.300342465753424
1;0.500;0.330;2.0;0.0;0;2.6002;64.31;3.9600456621004563;12.592579908675798;13.026141552511415
1;0.500;0.350;2.0;2.0;0;2.5415;64.31;3.9544520547945203;12.578881278538812;13.456506849315067
1;0.450;0.350;1.0;2.0;0;2.6294;64.34;3.907876712328767;12.596575342465753;13.604337899543378
1;0.450;0.330;2.0;0.0;0;2.8250;64.34;3.911643835616438;12.634931506849314;13.223287671232876
1;0.475;0.350;0.0;2.0;0;2.8664;64.36;3.939269406392694;12.667808219178081;13.28093607305936
1;0.475;0.350;1.0;2.0;0;2.5453;64.38;3.9280821917808217;12.58173515981735;13.43162100456621
1;0.450;0.350;0.0;2.0;0;2.6209;64.47;3.9106164383561643;12.595319634703197;13.409817351598173
1;0.500;0.330;0.0;0.0;0;3.1013;64.57;3.9710045662100457;12.642922374429224;12.722260273972603
1;0.500;0.330;1.0;0.0;0;2.6931;64.61;3.9657534246575343;12.611757990867579;12.820776255707763
1;0.475;0.330;1.0;0.0;0;2.4707;64.76;3.9421232876712327;12.565182648401827;12.878424657534246
1;0.450;0.340;2.0;1.0;0;2.8089;64.76;3.903767123287671;12.634931506849314;13.196232876712328
1;0.450;0.330;1.0;0.0;0;2.6383;64.90;3.9146118721461187;12.596575342465753;12.924657534246576
1;0.475;0.340;2.0;1.0;0;2.6089;65.04;3.922945205479452;12.603538812785388;12.968607305936073
2;0.455;0.330;0.5;0.0;0;2.4993;65.04;3.920091324200913;12.557077625570775;12.815182648401827
2;0.450;0.330;0.5;0.0;0;2.5362;65.07;3.9160958904109586;12.560844748858447;12.825913242009133
1;0.500;0.340;2.0;1.0;0;2.5400;65.09;3.9543378995433787;12.584474885844749;12.826369863013698
2;0.445;0.330;0.5;0.0;0;2.5806;65.10;3.912214611872146;12.574543378995433;12.831392694063927
2;0.440;0.330;0.5;0.0;0;2.6255;65.11;3.9090182648401823;12.589840182648402;12.842351598173515
1;0.475;0.330;0.0;0.0;0;2.7127;65.18;3.9462328767123287;12.626712328767123;12.648287671232877
1;0.450;0.340;1.0;1.0;0;2.6222;65.25;3.907876712328767;12.596575342465753;12.892123287671232
1;0.500;0.340;0.0;1.0;0;3.1950;65.33;3.9656392694063927;12.654109589041095;12.486643835616437
1;0.500;0.340;1.0;1.0;0;2.7854;65.37;3.959931506849315;12.64200913242009;12.618150684931507
2;0.440;0.330;0.0;0.0;0;2.5259;65.38;3.9106164383561643;12.560844748858447;12.721917808219178
2;0.445;0.330;0.0;0.0;0;2.4835;65.41;3.914497716894977;12.554223744292237;12.689269406392693
2;0.445;0.335;0.5;0.5;0;2.5649;65.44;3.9051369863013696;12.574543378995433;12.754794520547945
2;0.450;0.335;0.5;0.5;0;2.5215;65.47;3.9090182648401823;12.560844748858447;12.724885844748858
2;0.440;0.335;0.5;0.5;0;2.6065;65.48;3.9023972602739723;12.589840182648402;12.757534246575341
2;0.455;0.335;0.5;0.5;0;2.4762;65.51;3.9133561643835617;12.557077625570775;12.689383561643835
1;0.475;0.340;0.0;1.0;0;2.7558;65.62;3.9391552511415524;12.642922374429224;12.522260273972602
1;0.450;0.340;0.0;1.0;0;2.5346;65.66;3.9106164383561643;12.567808219178081;12.629109589041095
2;0.440;0.335;0.0;0.5;0;2.5172;65.70;3.903538812785388;12.560844748858447;12.629109589041095
2;0.445;0.335;0.0;0.5;0;2.4882;65.70;3.90662100456621;12.557077625570775;12.612671232876712
2;0.450;0.335;0.0;0.5;0;2.4755;65.71;3.9106164383561643;12.557077625570775;12.596232876712328
2;0.455;0.335;0.0;0.5;0;2.4887;65.71;3.9146118721461187;12.55810502283105;12.566095890410958
2;0.455;0.335;0.5;0.0;0;2.4658;66.71;3.9118721461187214;12.557077625570775;11.620890410958904
2;0.450;0.335;0.5;0.0;0;2.5090;66.74;3.908904109589041;12.560844748858447;11.645319634703196
2;0.440;0.335;0.0;0.0;0;2.4993;66.76;3.902511415525114;12.560844748858447;11.571575342465753
2;0.445;0.335;0.5;0.0;0;2.5484;66.76;3.9051369863013696;12.574543378995433;11.661872146118721
2;0.440;0.335;0.5;0.0;0;2.5808;66.83;3.901027397260274;12.589840182648402;11.66472602739726
1;0.500;0.340;0.0;0.0;0;2.9676;67.63;3.9664383561643834;12.610159817351597;10.239954337899544
1;0.450;0.350;2.0;1.0;0;2.7925;67.66;3.903538812785388;12.634931506849314;11.311187214611872
1;0.450;0.340;2.0;0.0;0;2.7919;67.67;3.9051369863013696;12.634931506849314;11.15228310502283
1;0.475;0.340;2.0;0.0;0;2.5993;67.80;3.9245433789954336;12.603538812785388;10.921689497716894
1;0.500;0.340;1.0;0.0;0;2.4740;67.81;3.9610730593607304;12.584474885844749;10.440068493150685
1;0.500;0.340;2.0;0.0;0;2.5024;67.83;3.9544520547945203;12.58173515981735;10.667351598173516
1;0.450;0.340;1.0;0.0;0;2.6090;67.88;3.9079908675799087;12.596575342465753;10.81255707762557
1;0.475;0.350;2.0;1.0;0;2.5951;67.92;3.9227168949771687;12.603538812785388;10.968264840182648
1;0.450;0.350;1.0;1.0;0;2.6061;67.96;3.9063926940639266;12.596575342465753;10.946917808219178
1;0.500;0.350;0.0;1.0;0;2.9824;67.98;3.9656392694063927;12.621232876712329;10.357876712328768
1;0.500;0.350;2.0;1.0;0;2.4805;68.03;3.9529680365296804;12.570662100456621;10.732876712328768
1;0.500;0.350;1.0;1.0;0;2.5843;68.07;3.958675799086758;12.600799086757991;10.530479452054793
1;0.475;0.350;0.0;1.0;0;2.5267;68.13;3.9381278538812783;12.607534246575343;10.503082191780821
1;0.450;0.350;2.0;0.0;0;2.7652;70.40;3.9023972602739723;12.634931506849314;9.661986301369863
1;0.475;0.350;2.0;0.0;0;2.5707;70.94;3.9214611872146117;12.603538812785388;9.398972602739725
1;0.450;0.350;1.0;0.0;0;2.5796;70.95;3.9051369863013696;12.596575342465753;9.40445205479452
1;0.500;0.350;0.0;0.0;0;2.6688;72.54;3.9641552511415523;12.582648401826484;8.73310502283105
