# RB2(SoH) generalisee SoH^gamma — 25 ans — estimateur metrics() commun
# RB2 = sous-ensemble (g_fc=g_ely=0) ; RB2(SoH) = (g_fc=g_ely=1)
# REF_RB2=(0.45, 0.33) -> LPSP_nominale=2.4540%
c_fc;c_ely;g_fc;g_ely;LPSP_%;deg_kEUR;vie_bat;vie_fc;vie_ely
0.550;0.450;0.0;0.0;1.7097;104.62;4.028424657534247;12.529566210045662;3.957876712328767
0.550;0.450;1.0;1.0;1.8926;98.20;4.018835616438356;12.511529680365296;4.349543378995434
0.550;0.450;1.0;0.0;1.8970;102.57;4.017579908675799;12.511529680365296;4.012442922374429
0.550;0.450;0.0;1.0;1.9179;100.54;4.028995433789954;12.567808219178081;4.292009132420091
0.550;0.400;1.0;0.0;2.0419;89.51;4.021575342465753;12.533447488584475;5.223401826484018
0.550;0.450;2.0;1.0;2.0517;96.00;4.009246575342465;12.530707762557077;4.423630136986302
0.550;0.450;2.0;0.0;2.0521;99.69;4.007990867579909;12.530707762557077;4.103082191780822
0.550;0.450;1.0;2.0;2.1027;93.85;4.020205479452055;12.541666666666666;4.798744292237442
0.550;0.400;2.0;0.0;2.1138;87.89;4.012100456621004;12.53892694063927;5.2976027397260275
0.550;0.450;2.0;2.0;2.1321;92.15;4.011986301369863;12.53892694063927;4.861986301369863
0.475;0.450;0.0;1.0;2.1674;94.57;3.9215753424657533;12.552625570776256;4.938356164383562
0.475;0.450;0.0;0.0;2.1730;97.64;3.9214611872146117;12.552625570776256;4.568721461187215
0.475;0.450;0.0;2.0;2.1782;90.52;3.924771689497717;12.552625570776256;5.374200913242009
0.475;0.400;0.0;0.0;2.1933;86.72;3.9280821917808217;12.552625570776256;5.804109589041095
0.475;0.360;0.0;0.0;2.2074;75.94;3.9378995433789954;12.552625570776256;7.924657534246575
0.475;0.400;0.0;1.0;2.2212;83.78;3.9381278538812783;12.552625570776256;6.385273972602739
0.550;0.400;2.0;1.0;2.2485;84.54;4.013356164383562;12.560844748858447;5.93824200913242
0.475;0.400;0.0;2.0;2.3057;78.96;3.9391552511415524;12.560844748858447;7.231849315068493
0.550;0.450;0.0;2.0;2.3382;94.99;4.029680365296803;12.619977168949772;4.752397260273972
0.475;0.450;1.0;1.0;2.3529;92.69;3.9172374429223744;12.559703196347032;5.026027397260274
0.475;0.450;1.0;0.0;2.3564;95.81;3.9160958904109586;12.559703196347032;4.645433789954338
0.475;0.360;0.0;1.0;2.3641;71.70;3.928310502283105;12.571803652968036;9.146803652968035
0.475;0.450;1.0;2.0;2.3739;88.69;3.9189497716894977;12.559703196347032;5.478424657534246
0.475;0.400;1.0;0.0;2.3856;85.58;3.9228310502283104;12.559703196347032;5.944063926940639
0.550;0.400;1.0;1.0;2.3893;85.22;4.022716894977169;12.582648401826484;5.8342465753424655
0.475;0.360;1.0;0.0;2.3974;75.63;3.924771689497717;12.559703196347032;8.094748858447488
0.475;0.360;1.0;1.0;2.4010;71.21;3.924429223744292;12.559703196347032;9.352397260273973
0.475;0.400;1.0;1.0;2.4143;81.93;3.9255707762557077;12.559703196347032;6.527739726027397
0.475;0.400;1.0;2.0;2.4171;78.01;3.9273972602739726;12.559703196347032;7.401712328767123
0.550;0.400;0.0;0.0;2.4530;90.91;4.031506849315068;12.647374429223744;5.163356164383561
0.475;0.330;1.0;0.0;2.4707;64.76;3.9421232876712327;12.565182648401827;12.878424657534246
0.550;0.400;2.0;2.0;2.5097;79.49;4.01324200913242;12.58538812785388;6.831506849315068
0.550;0.360;2.0;0.0;2.5106;75.94;4.009246575342465;12.593721461187215;7.629109589041096
0.475;0.360;1.0;2.0;2.5161;67.38;3.9255707762557077;12.573401826484018;11.385159817351598
0.475;0.450;2.0;0.0;2.5280;94.29;3.9117579908675797;12.603538812785388;4.738584474885845
0.475;0.450;2.0;1.0;2.5285;90.64;3.9133561643835617;12.603538812785388;5.113812785388128
0.475;0.450;2.0;2.0;2.5570;87.21;3.9148401826484016;12.603538812785388;5.598858447488584
0.475;0.330;1.0;1.0;2.5596;60.37;3.9418949771689498;12.570662100456621;15.785159817351598
0.475;0.400;2.0;0.0;2.5709;84.77;3.918835616438356;12.603538812785388;6.050799086757991
0.475;0.360;2.0;1.0;2.5854;70.70;3.9199771689497718;12.603538812785388;9.560502283105022
0.475;0.360;2.0;0.0;2.5865;74.90;3.921118721461187;12.603538812785388;8.360273972602739
0.475;0.400;2.0;1.0;2.5933;80.61;3.9215753424657533;12.603538812785388;6.719178082191781
0.475;0.400;2.0;2.0;2.5975;77.25;3.9228310502283104;12.603538812785388;7.579680365296803
0.475;0.360;2.0;2.0;2.5976;67.21;3.9215753424657533;12.603538812785388;11.645319634703196
0.475;0.330;2.0;0.0;2.6339;64.26;3.9390410958904107;12.606278538812784;13.157648401826483
0.475;0.360;0.0;2.0;2.6651;67.42;3.938013698630137;12.623972602739725;11.196118721461186
0.475;0.330;2.0;1.0;2.6940;60.60;3.9381278538812783;12.606278538812784;15.826027397260274
0.475;0.330;0.0;0.0;2.7127;65.18;3.9462328767123287;12.626712328767123;12.648287671232877
0.400;0.450;0.0;0.0;2.7512;91.08;3.8534246575342466;12.673059360730592;5.352054794520548
0.400;0.450;0.0;1.0;2.7618;88.25;3.8560502283105023;12.673059360730592;5.713584474885844
0.550;0.400;1.0;2.0;2.7626;80.12;4.021803652968036;12.639155251141553;6.771575342465753
0.400;0.450;0.0;2.0;2.7857;85.51;3.857077625570776;12.673059360730592;6.2095890410958905
0.550;0.360;2.0;1.0;2.7897;71.83;4.009132420091324;12.626712328767123;8.924657534246576
0.475;0.300;2.0;0.0;2.7925;58.22;3.9256849315068494;12.644634703196347;20.387785388127853
0.400;0.400;0.0;0.0;2.8084;82.67;3.8623287671232878;12.673059360730592;6.596232876712328
0.400;0.360;0.0;0.0;2.8158;73.54;3.8623287671232878;12.673059360730592;8.812442922374428
0.400;0.360;0.0;1.0;2.8179;69.99;3.8614155251141553;12.673059360730592;10.042694063926941
0.400;0.400;0.0;1.0;2.8266;79.29;3.8641552511415522;12.673059360730592;7.258904109589041
0.400;0.400;0.0;2.0;2.8320;76.25;3.8651826484018263;12.673059360730592;8.165981735159818
0.400;0.360;0.0;2.0;2.8320;67.05;3.865296803652968;12.673059360730592;11.949543378995433
0.400;0.300;0.0;0.0;2.8371;58.65;3.8832191780821916;12.673059360730592;19.803995433789954
0.475;0.330;2.0;2.0;2.8387;57.90;3.939269406392694;12.606278538812784;21.49486301369863
0.400;0.330;0.0;1.0;2.8666;61.21;3.8833333333333333;12.673059360730592;15.566095890410958
0.400;0.330;0.0;0.0;2.8746;65.14;3.8844748858447486;12.673059360730592;12.938698630136987
0.400;0.330;0.0;2.0;2.8808;58.37;3.885958904109589;12.673059360730592;20.801255707762557
0.400;0.300;0.0;1.0;2.8809;56.80;3.8817351598173513;12.673059360730592;None
0.475;0.300;1.0;0.0;2.8852;57.83;3.930365296803653;12.650456621004565;20.82865296803653
0.475;0.330;0.0;1.0;2.8973;60.03;3.9447488584474883;12.65958904109589;15.771575342465752
0.550;0.400;0.0;1.0;2.8986;85.63;4.032191780821917;12.696689497716894;5.790639269406393
0.475;0.330;1.0;2.0;2.9158;57.54;3.9434931506849313;12.595319634703197;21.771461187214612
0.550;0.360;1.0;0.0;2.9378;76.02;4.020205479452055;12.650456621004565;7.5332191780821915
0.400;0.450;1.0;0.0;2.9398;89.12;3.8487442922374426;12.663812785388128;5.434246575342466
0.475;0.300;2.0;1.0;2.9475;55.82;3.9253424657534244;12.647374429223744;None
0.400;0.450;1.0;1.0;2.9586;86.88;3.8534246575342466;12.663812785388128;5.823059360730594
0.400;0.450;1.0;2.0;2.9921;84.04;3.854337899543379;12.663812785388128;6.3410958904109584
0.400;0.400;1.0;0.0;3.0093;81.03;3.8597031963470316;12.663812785388128;6.77945205479452
0.400;0.360;1.0;1.0;3.0131;69.65;3.8595890410958904;12.663812785388128;10.278196347031963
0.400;0.360;1.0;0.0;3.0171;72.90;3.8595890410958904;12.663812785388128;8.973858447488585
0.400;0.400;1.0;2.0;3.0268;75.51;3.8625570776255707;12.663812785388128;8.3412100456621
0.400;0.360;1.0;2.0;3.0338;66.78;3.8625570776255707;12.663812785388128;12.245433789954337
0.400;0.400;1.0;1.0;3.0338;78.33;3.862442922374429;12.663812785388128;7.407077625570776
0.400;0.300;0.0;2.0;3.0369;55.11;3.8817351598173513;12.673059360730592;None
0.400;0.300;1.0;0.0;3.0387;59.03;3.8804794520547943;12.663812785388128;19.3439497716895
0.400;0.330;1.0;1.0;3.0601;61.37;3.88162100456621;12.663812785388128;15.60970319634703
0.400;0.330;1.0;0.0;3.0743;64.73;3.88310502283105;12.663812785388128;13.173858447488584
0.550;0.360;2.0;2.0;3.0751;67.20;4.009246575342465;12.67214611872146;11.07568493150685
0.400;0.330;1.0;2.0;3.0781;58.62;3.8832191780821916;12.663812785388128;20.645205479452056
0.400;0.300;1.0;1.0;3.0792;57.20;3.880365296803653;12.663812785388128;24.604337899543378
0.550;0.330;2.0;0.0;3.0801;63.86;4.007648401826484;12.673059360730592;12.954908675799086
0.400;0.450;2.0;0.0;3.1198;87.75;3.8460045662100457;12.66107305936073;5.560273972602739
0.400;0.450;2.0;1.0;3.1381;85.54;3.8486301369863014;12.66107305936073;5.938698630136986
0.400;0.300;1.0;2.0;3.1655;55.53;3.880365296803653;12.663812785388128;None
0.475;0.300;1.0;1.0;3.1693;55.21;3.9281963470319634;12.677168949771689;None
0.475;0.300;2.0;2.0;3.1752;54.48;3.9245433789954336;12.655593607305935;None
0.400;0.450;2.0;2.0;3.1753;82.48;3.8487442922374426;12.66107305936073;6.46986301369863
0.400;0.400;2.0;0.0;3.1940;79.78;3.8569634703196347;12.66107305936073;6.938470319634703
0.400;0.360;2.0;1.0;3.2015;69.33;3.8569634703196347;12.66107305936073;10.53013698630137
0.400;0.360;2.0;0.0;3.2060;72.04;3.8569634703196347;12.66107305936073;9.231392694063926
0.400;0.400;2.0;2.0;3.2125;74.72;3.8598173515981733;12.66107305936073;8.527397260273972
0.400;0.360;2.0;2.0;3.2166;66.68;3.859931506849315;12.66107305936073;12.387899543378994
0.550;0.360;1.0;1.0;3.2202;71.98;4.0159817351598175;12.682990867579909;8.839954337899544
0.400;0.400;2.0;1.0;3.2203;77.55;3.8598173515981733;12.66107305936073;7.614954337899543
0.400;0.300;2.0;0.0;3.2235;59.30;3.8778538812785386;12.66107305936073;19.140981735159816
0.400;0.330;2.0;1.0;3.2400;61.41;3.8788812785388127;12.66107305936073;15.773972602739725
0.475;0.330;0.0;2.0;3.2408;57.14;3.9462328767123287;12.681392694063927;22.053881278538814
0.400;0.330;2.0;2.0;3.2570;58.89;3.8788812785388127;12.66107305936073;20.409931506849315
0.400;0.330;2.0;0.0;3.2604;64.45;3.8789954337899544;12.66107305936073;13.363013698630137
0.400;0.300;2.0;1.0;3.2691;57.49;3.877739726027397;12.66107305936073;24.102739726027398
0.550;0.330;2.0;1.0;3.3502;59.35;4.005022831050228;12.706164383561644;16.09497716894977
0.475;0.300;0.0;0.0;3.3655;57.37;3.9408675799086756;12.73082191780822;21.256278538812786
0.400;0.300;2.0;2.0;3.3734;55.95;3.877739726027397;12.66107305936073;None
0.475;0.300;1.0;2.0;3.4084;54.04;3.9281963470319634;12.6912100456621;None
0.550;0.360;0.0;0.0;3.4434;75.96;4.0256849315068495;12.78972602739726;7.489383561643836
0.550;0.400;0.0;2.0;3.4859;80.35;4.037100456621005;12.795205479452054;6.746803652968036
0.550;0.330;1.0;0.0;3.5989;63.91;4.011986301369863;12.762328767123288;12.820776255707763
0.475;0.300;0.0;1.0;3.6248;54.65;3.9393835616438353;12.744520547945205;None
0.550;0.360;1.0;2.0;3.6253;67.04;4.0159817351598175;12.795205479452054;11.007077625570776
0.550;0.330;2.0;2.0;3.7626;56.71;4.003995433789954;12.73082191780822;22.502853881278536
0.550;0.300;2.0;0.0;3.7952;57.02;3.987442922374429;12.877397260273971;21.489383561643834
0.550;0.330;1.0;1.0;3.8265;58.95;4.010844748858448;12.803424657534245;16.097716894977168
0.475;0.300;0.0;2.0;3.9424;53.68;3.9408675799086756;12.755479452054795;None
0.550;0.360;0.0;1.0;3.9993;71.84;4.023972602739726;12.882876712328766;8.826369863013698
0.550;0.300;2.0;1.0;4.2512;54.23;3.9883561643835614;12.915753424657535;None
0.550;0.330;1.0;2.0;4.4253;56.35;4.011986301369863;12.833561643835615;22.637214611872146
0.550;0.300;1.0;0.0;4.5827;56.66;3.994063926940639;13.135045662100456;21.659132420091325
0.550;0.300;2.0;2.0;4.6177;53.36;3.987442922374429;12.94041095890411;None
0.550;0.360;0.0;2.0;4.6341;66.76;4.0228310502283104;13.134931506849314;11.006849315068493
0.550;0.330;0.0;0.0;4.7671;63.70;4.0162100456621;13.122602739726027;12.798858447488584
0.550;0.330;0.0;1.0;4.9773;58.66;4.01472602739726;13.286986301369863;16.097716894977168
0.550;0.300;1.0;1.0;5.1268;53.91;3.9913242009132417;13.268607305936072;None
0.550;0.330;0.0;2.0;5.6552;56.04;4.014497716894977;13.349885844748858;22.637214611872146
0.550;0.300;1.0;2.0;5.8291;53.05;3.9932648401826483;13.380821917808218;None
0.550;0.300;0.0;0.0;5.9165;56.30;3.999429223744292;13.571917808219178;21.659132420091325
0.550;0.300;0.0;1.0;5.9402;53.65;3.9982876712328768;13.660958904109588;None
0.550;0.300;0.0;2.0;6.4985;52.83;3.9970319634703193;13.69920091324201;None

# === Optima contraints par borne LPSP : RB2 vs RB2(SoH) vs famille gamma ===
cap_%;deg_RB2;deg_RB2SoH;deg_gamma;g_fc*;g_ely*;c_fc*;c_ely*;gain_vs_RB2_%
2.4540;75.94;71.21;71.21;1;1;0.475;0.360;+6.23
2.6000;75.94;60.37;60.37;1;1;0.475;0.330;+20.50
2.9000;58.65;60.37;56.80;0;1;0.400;0.300;+3.16
3.2000;58.65;55.21;54.48;2;2;0.475;0.300;+7.10
3.6000;57.37;55.21;54.04;1;2;0.475;0.300;+5.80
5.0000;57.37;55.21;53.36;2;2;0.550;0.300;+6.99
