# horizon=15ans r=0.05 AF=0.6920 VOLL=5.0EUR/kWh
phase;BAT_kWh;FC_kW;ELY_kW;f_fc;f_ely;LPSP_%;E_nonservie_kWh;NPC_k€;VOLL_cost_k€;total_econ_k€;BoP_k€;deg_k€;vie_bat;vie_fc;vie_ely
1;30;1.50;4.00;0.60;0.50;33.2451;81740;44.54;282.81;327.35;11.16;48.24;3.5582191780821915;11.942351598173516;2.1662100456621003
1;30;1.50;8.00;0.60;0.50;22.0297;54165;64.27;187.40;251.68;19.13;65.23;3.574771689497717;7.504337899543379;2.461986301369863
1;30;1.50;12.00;0.60;0.50;12.2418;30099;82.24;104.14;186.38;27.11;79.68;3.5172374429223745;5.715410958904109;2.727739726027397
1;30;1.50;16.00;0.60;0.50;7.8157;19217;94.81;66.49;161.29;35.08;86.31;3.508904109589041;5.131849315068493;3.2702054794520548
1;30;2.50;4.00;0.60;0.50;32.8880;80862;46.62;279.77;326.40;12.99;48.61;3.546232876712329;17.41837899543379;2.1662100456621003
1;30;2.50;8.00;0.60;0.50;21.6928;53337;66.53;184.54;251.07;20.96;65.86;3.563812785388128;10.70376712328767;2.470205479452055
1;30;2.50;12.00;0.60;0.50;13.6006;33440;82.49;115.70;198.19;28.93;77.40;3.506278538812785;8.436301369863013;2.916780821917808
1;30;2.50;16.00;0.60;0.50;9.7318;23928;94.19;82.79;176.97;36.91;82.78;3.491552511415525;7.672374429223744;3.541324200913242
1;30;3.50;4.00;0.60;0.50;31.5832;77654;48.79;268.68;317.46;14.81;49.10;3.5172374429223745;21.687214611872147;2.168835616438356
1;30;3.50;8.00;0.60;0.50;20.2704;49839;68.51;172.44;240.95;22.78;66.09;3.5381278538812784;14.862785388127854;2.470205479452055
1;30;3.50;12.00;0.60;0.50;12.3141;30277;84.32;104.75;189.07;30.76;77.40;3.4761415525114154;12.117237442922374;2.916780821917808
1;30;3.50;16.00;0.60;0.50;11.9013;29262;93.24;101.24;194.48;38.73;78.77;3.4641552511415523;12.023972602739725;3.853767123287671
1;50;1.50;4.00;0.60;0.50;27.3110;67150;53.66;232.33;285.99;11.46;60.98;3.970890410958904;11.942351598173516;2.1662100456621003
1;50;1.50;8.00;0.60;0.50;15.9563;39232;73.42;135.74;209.16;19.43;78.02;3.982077625570776;7.504337899543379;2.461986301369863
1;50;1.50;12.00;0.60;0.50;6.4350;15822;91.30;54.74;146.04;27.41;92.34;3.952054794520548;5.715410958904109;2.727739726027397
1;50;1.50;16.00;0.60;0.50;2.0118;4946;103.91;17.11;121.02;35.38;99.03;3.9393835616438353;5.131849315068493;3.2702054794520548
1;50;2.50;4.00;0.60;0.50;25.7049;63201;55.71;218.67;274.38;13.29;61.30;3.9639269406392694;17.41837899543379;2.1662100456621003
1;50;2.50;8.00;0.60;0.50;14.3907;35383;75.62;122.42;198.04;21.26;78.56;3.9779680365296803;10.70376712328767;2.470205479452055
1;50;2.50;12.00;0.60;0.50;6.4991;15979;91.54;55.29;146.82;29.23;90.04;3.9393835616438353;8.436301369863013;2.916780821917808
1;50;2.50;16.00;0.60;0.50;2.7036;6647;103.26;23.00;126.26;37.21;95.46;3.9133561643835617;7.672374429223744;3.541324200913242
1;50;3.50;4.00;0.60;0.50;22.3156;54868;58.15;189.84;247.99;15.11;62.20;3.894520547945205;21.687214611872147;2.168835616438356
1;50;3.50;8.00;0.60;0.50;10.9302;26874;77.86;92.98;170.84;23.08;79.15;3.9160958904109586;14.862785388127854;2.470205479452055
1;50;3.50;12.00;0.60;0.50;3.1704;7795;93.59;26.97;120.56;31.06;90.37;3.8791095890410956;12.117237442922374;2.916780821917808
1;50;3.50;16.00;0.60;0.50;2.7987;6881;102.57;23.81;126.38;39.03;91.82;3.8485159817351597;12.023972602739725;3.853767123287671
1;70;1.50;4.00;0.60;0.50;26.2604;64567;59.25;223.39;282.64;11.76;68.63;4.6284246575342465;11.942351598173516;2.1662100456621003
1;70;1.50;8.00;0.60;0.50;14.9005;36636;79.15;126.76;205.91;19.73;85.86;4.619406392694064;7.504337899543379;2.461986301369863
1;70;1.50;12.00;0.60;0.50;5.4220;13331;96.92;46.12;143.04;27.71;100.02;4.605136986301369;5.715410958904109;2.727739726027397
1;70;1.50;16.00;0.60;0.50;1.0443;2568;109.43;8.88;118.31;35.68;106.57;4.60662100456621;5.131849315068493;3.2702054794520548
1;70;2.50;4.00;0.60;0.50;24.4935;60223;61.73;208.36;270.10;13.59;69.58;4.536529680365296;17.41837899543379;2.1662100456621003
1;70;2.50;8.00;0.60;0.50;13.1678;32376;81.75;112.02;193.77;21.56;86.99;4.5353881278538815;10.70376712328767;2.470205479452055
1;70;2.50;12.00;0.60;0.50;5.5219;13577;97.66;46.97;144.63;29.53;98.45;4.498401826484018;8.436301369863013;2.916780821917808
1;70;2.50;16.00;0.60;0.50;1.8007;4427;109.31;15.32;124.63;37.51;103.76;4.49417808219178;7.672374429223744;3.541324200913242
1;70;3.50;4.00;0.60;0.50;21.0397;51731;65.24;178.98;244.22;15.41;72.01;4.355936073059361;21.687214611872147;2.168835616438356
1;70;3.50;8.00;0.60;0.50;9.5808;23556;85.04;81.50;166.54;23.38;89.10;4.361301369863013;14.862785388127854;2.470205479452055
1;70;3.50;12.00;0.60;0.50;1.9665;4835;100.76;16.73;117.49;31.36;100.30;4.335388127853881;12.117237442922374;2.916780821917808
1;70;3.50;16.00;0.60;0.50;1.6685;4102;109.68;14.19;123.88;39.33;101.67;4.327168949771689;12.023972602739725;3.853767123287671
1;90;1.50;4.00;0.60;0.50;25.5409;62798;59.46;217.27;276.73;12.06;68.50;5.924315068493151;11.942351598173516;2.1662100456621003
1;90;1.50;8.00;0.60;0.50;14.2178;34958;79.45;120.95;200.39;20.03;85.86;5.899657534246575;7.504337899543379;2.461986301369863
1;90;1.50;12.00;0.60;0.50;4.8267;11868;97.11;41.06;138.17;28.01;99.86;5.899657534246575;5.715410958904109;2.727739726027397
1;90;1.50;16.00;0.60;0.50;0.4837;1189;109.58;4.11;113.70;35.98;106.37;5.906849315068493;5.131849315068493;3.2702054794520548
1;90;2.50;4.00;0.60;0.50;23.8746;58701;62.76;203.10;265.86;13.89;70.64;5.702283105022831;17.41837899543379;2.1662100456621003
1;90;2.50;8.00;0.60;0.50;12.5930;30963;82.92;107.13;190.05;21.86;88.24;5.679566210045662;10.70376712328767;2.470205479452055
1;90;2.50;12.00;0.60;0.50;4.9946;12280;98.77;42.49;141.26;29.83;99.62;5.636643835616439;8.436301369863013;2.916780821917808
1;90;2.50;16.00;0.60;0.50;1.2875;3166;110.35;10.95;121.31;37.81;104.84;5.644748858447488;7.672374429223744;3.541324200913242
1;90;3.50;4.00;0.60;0.50;20.1552;49556;67.14;171.46;238.60;15.71;74.32;5.348173515981735;21.687214611872147;2.168835616438356
1;90;3.50;8.00;0.60;0.50;8.7164;21431;87.08;74.15;161.23;23.68;91.61;5.33527397260274;14.862785388127854;2.470205479452055
1;90;3.50;12.00;0.60;0.50;1.1639;2862;102.68;9.90;112.58;31.66;102.63;5.320890410958904;12.117237442922374;2.916780821917808
1;90;3.50;16.00;0.60;0.50;0.9011;2216;111.47;7.67;119.13;39.63;103.81;5.329109589041096;12.023972602739725;3.853767123287671
2;90;3.50;12.00;0.40;0.30;25.4028;62459;59.91;216.10;276.01;31.66;40.82;8.0425799086758;10.9912100456621;None
2;90;3.50;12.00;0.40;0.50;14.7549;36278;93.46;125.52;218.97;31.66;89.31;7.976369863013699;8.380022831050228;2.8043378995433788
2;90;3.50;12.00;0.40;0.70;7.6878;18902;101.24;65.40;166.64;31.66;100.56;7.962785388127854;7.238470319634703;2.3852739726027394
2;90;3.50;12.00;0.60;0.30;10.0704;24760;70.93;85.67;156.60;31.66;56.76;5.345433789954337;15.404908675799087;None
2;90;3.50;12.00;0.60;0.50;1.1639;2862;102.68;9.90;112.58;31.66;102.63;5.320890410958904;12.117237442922374;2.916780821917808
2;90;3.50;12.00;0.60;0.70;0.8570;2107;104.27;7.29;111.56;31.66;104.93;5.328767123287671;12.023972602739725;2.828767123287671
2;90;3.50;12.00;0.80;0.30;14.7684;36311;68.60;125.63;194.24;31.66;53.39;5.61769406392694;19.270776255707762;None
2;90;3.50;12.00;0.80;0.50;4.8786;11995;102.20;41.50;143.70;31.66;101.95;5.598401826484018;15.073744292237443;2.741324200913242
2;90;3.50;12.00;0.80;0.70;1.5611;3838;106.19;13.28;119.47;31.66;107.71;5.612100456621004;13.975;2.503082191780822
